(kicad_pcb (version 20171130) (host pcbnew "(5.1.5)-3")

  (general
    (thickness 1.6)
    (drawings 17)
    (tracks 162)
    (zones 0)
    (modules 12)
    (nets 15)
  )

  (page A4)
  (layers
    (0 F.Cu signal)
    (31 B.Cu signal)
    (32 B.Adhes user)
    (33 F.Adhes user)
    (34 B.Paste user)
    (35 F.Paste user)
    (36 B.SilkS user)
    (37 F.SilkS user)
    (38 B.Mask user)
    (39 F.Mask user)
    (40 Dwgs.User user hide)
    (41 Cmts.User user)
    (42 Eco1.User user)
    (43 Eco2.User user)
    (44 Edge.Cuts user)
    (45 Margin user)
    (46 B.CrtYd user)
    (47 F.CrtYd user)
    (48 B.Fab user)
    (49 F.Fab user)
  )

  (setup
    (last_trace_width 0.25)
    (trace_clearance 0.2)
    (zone_clearance 0.508)
    (zone_45_only no)
    (trace_min 0.2)
    (via_size 0.8)
    (via_drill 0.4)
    (via_min_size 0.4)
    (via_min_drill 0.3)
    (uvia_size 0.3)
    (uvia_drill 0.1)
    (uvias_allowed no)
    (uvia_min_size 0.2)
    (uvia_min_drill 0.1)
    (edge_width 0.05)
    (segment_width 0.2)
    (pcb_text_width 0.3)
    (pcb_text_size 1.5 1.5)
    (mod_edge_width 0.12)
    (mod_text_size 1 1)
    (mod_text_width 0.15)
    (pad_size 1.524 1.524)
    (pad_drill 0.762)
    (pad_to_mask_clearance 0.051)
    (solder_mask_min_width 0.25)
    (aux_axis_origin 0 0)
    (visible_elements 7FFFFFFF)
    (pcbplotparams
      (layerselection 0x010fc_ffffffff)
      (usegerberextensions false)
      (usegerberattributes false)
      (usegerberadvancedattributes false)
      (creategerberjobfile false)
      (excludeedgelayer true)
      (linewidth 0.100000)
      (plotframeref false)
      (viasonmask false)
      (mode 1)
      (useauxorigin false)
      (hpglpennumber 1)
      (hpglpenspeed 20)
      (hpglpendiameter 15.000000)
      (psnegative false)
      (psa4output false)
      (plotreference true)
      (plotvalue true)
      (plotinvisibletext false)
      (padsonsilk false)
      (subtractmaskfromsilk false)
      (outputformat 1)
      (mirror false)
      (drillshape 0)
      (scaleselection 1)
      (outputdirectory "Gerbers/"))
  )

  (net 0 "")
  (net 1 GND)
  (net 2 "Net-(U1-Pad11)")
  (net 3 "Net-(U1-Pad12)")
  (net 4 "Net-(U1-Pad13)")
  (net 5 +3V3)
  (net 6 "Net-(U1-Pad2)")
  (net 7 "Net-(U1-Pad3)")
  (net 8 "Net-(U1-Pad4)")
  (net 9 "Net-(U1-Pad5)")
  (net 10 "Net-(U1-Pad8)")
  (net 11 "Net-(J1-Pad1)")
  (net 12 "Net-(J1-Pad4)")
  (net 13 "Net-(J2-Pad4)")
  (net 14 "Net-(J2-Pad3)")

  (net_class Default "This is the default net class."
    (clearance 0.2)
    (trace_width 0.25)
    (via_dia 0.8)
    (via_drill 0.4)
    (uvia_dia 0.3)
    (uvia_drill 0.1)
    (add_net +3V3)
    (add_net GND)
    (add_net "Net-(J1-Pad1)")
    (add_net "Net-(J1-Pad4)")
    (add_net "Net-(J2-Pad3)")
    (add_net "Net-(J2-Pad4)")
    (add_net "Net-(U1-Pad11)")
    (add_net "Net-(U1-Pad12)")
    (add_net "Net-(U1-Pad13)")
    (add_net "Net-(U1-Pad2)")
    (add_net "Net-(U1-Pad3)")
    (add_net "Net-(U1-Pad4)")
    (add_net "Net-(U1-Pad5)")
    (add_net "Net-(U1-Pad8)")
  )

  (module MountingHole:MountingHole_2.2mm_M2 (layer F.Cu) (tedit 56D1B4CB) (tstamp 60162392)
    (at 146.51 62.89)
    (descr "Mounting Hole 2.2mm, no annular, M2")
    (tags "mounting hole 2.2mm no annular m2")
    (attr virtual)
    (fp_text reference REF** (at 0 -3.2) (layer F.SilkS) hide
      (effects (font (size 1 1) (thickness 0.15)))
    )
    (fp_text value " " (at 0 3.2) (layer F.Fab)
      (effects (font (size 1 1) (thickness 0.15)))
    )
    (fp_circle (center 0 0) (end 2.45 0) (layer F.CrtYd) (width 0.05))
    (fp_circle (center 0 0) (end 2.2 0) (layer Cmts.User) (width 0.15))
    (fp_text user %R (at 0.3 0) (layer F.Fab)
      (effects (font (size 1 1) (thickness 0.15)))
    )
    (pad 1 np_thru_hole circle (at 0 0) (size 2.2 2.2) (drill 2.2) (layers *.Cu *.Mask))
  )

  (module MountingHole:MountingHole_2.2mm_M2 (layer F.Cu) (tedit 56D1B4CB) (tstamp 60162211)
    (at 113.45 62.72)
    (descr "Mounting Hole 2.2mm, no annular, M2")
    (tags "mounting hole 2.2mm no annular m2")
    (attr virtual)
    (fp_text reference REF** (at 0 -3.2) (layer F.SilkS) hide
      (effects (font (size 1 1) (thickness 0.15)))
    )
    (fp_text value " " (at 0 3.2) (layer F.Fab)
      (effects (font (size 1 1) (thickness 0.15)))
    )
    (fp_circle (center 0 0) (end 2.45 0) (layer F.CrtYd) (width 0.05))
    (fp_circle (center 0 0) (end 2.2 0) (layer Cmts.User) (width 0.15))
    (fp_text user %R (at 0.3 0) (layer F.Fab)
      (effects (font (size 1 1) (thickness 0.15)))
    )
    (pad 1 np_thru_hole circle (at 0 0) (size 2.2 2.2) (drill 2.2) (layers *.Cu *.Mask))
  )

  (module Connector_PinHeader_2.54mm:PinHeader_1x04_P2.54mm_Vertical (layer F.Cu) (tedit 59FED5CC) (tstamp 60161B66)
    (at 146 54.5 235)
    (descr "Through hole straight pin header, 1x04, 2.54mm pitch, single row")
    (tags "Through hole pin header THT 1x04 2.54mm single row")
    (path /60171CE6)
    (fp_text reference J2 (at 0 -2.33 145) (layer F.SilkS)
      (effects (font (size 0.762 0.762) (thickness 0.1397)))
    )
    (fp_text value RX/TX (at -2.941848 3.393234 145) (layer F.Fab)
      (effects (font (size 1 1) (thickness 0.15)))
    )
    (fp_text user %R (at 0 3.81 145) (layer F.Fab)
      (effects (font (size 1 1) (thickness 0.15)))
    )
    (fp_line (start 1.8 -1.8) (end -1.8 -1.8) (layer F.CrtYd) (width 0.05))
    (fp_line (start 1.8 9.4) (end 1.8 -1.8) (layer F.CrtYd) (width 0.05))
    (fp_line (start -1.8 9.4) (end 1.8 9.4) (layer F.CrtYd) (width 0.05))
    (fp_line (start -1.8 -1.8) (end -1.8 9.4) (layer F.CrtYd) (width 0.05))
    (fp_line (start -1.33 -1.33) (end 0 -1.33) (layer F.SilkS) (width 0.12))
    (fp_line (start -1.33 0) (end -1.33 -1.33) (layer F.SilkS) (width 0.12))
    (fp_line (start -1.33 1.27) (end 1.33 1.27) (layer F.SilkS) (width 0.12))
    (fp_line (start 1.33 1.27) (end 1.33 8.95) (layer F.SilkS) (width 0.12))
    (fp_line (start -1.33 1.27) (end -1.33 8.95) (layer F.SilkS) (width 0.12))
    (fp_line (start -1.33 8.95) (end 1.33 8.95) (layer F.SilkS) (width 0.12))
    (fp_line (start -1.27 -0.635) (end -0.635 -1.27) (layer F.Fab) (width 0.1))
    (fp_line (start -1.27 8.89) (end -1.27 -0.635) (layer F.Fab) (width 0.1))
    (fp_line (start 1.27 8.89) (end -1.27 8.89) (layer F.Fab) (width 0.1))
    (fp_line (start 1.27 -1.27) (end 1.27 8.89) (layer F.Fab) (width 0.1))
    (fp_line (start -0.635 -1.27) (end 1.27 -1.27) (layer F.Fab) (width 0.1))
    (pad 4 thru_hole oval (at 0 7.62 235) (size 1.7 1.7) (drill 1) (layers *.Cu *.Mask)
      (net 13 "Net-(J2-Pad4)"))
    (pad 3 thru_hole oval (at 0 5.08 235) (size 1.7 1.7) (drill 1) (layers *.Cu *.Mask)
      (net 14 "Net-(J2-Pad3)"))
    (pad 2 thru_hole oval (at 0 2.54 235) (size 1.7 1.7) (drill 1) (layers *.Cu *.Mask)
      (net 1 GND))
    (pad 1 thru_hole rect (at 0 0 235) (size 1.7 1.7) (drill 1) (layers *.Cu *.Mask)
      (net 5 +3V3))
    (model ${KISYS3DMOD}/Connector_PinHeader_2.54mm.3dshapes/PinHeader_1x04_P2.54mm_Vertical.wrl
      (at (xyz 0 0 0))
      (scale (xyz 1 1 1))
      (rotate (xyz 0 0 0))
    )
  )

  (module Connector_PinHeader_2.54mm:PinHeader_1x04_P2.54mm_Vertical (layer F.Cu) (tedit 59FED5CC) (tstamp 60160ADE)
    (at 125.8189 48.25 90)
    (descr "Through hole straight pin header, 1x04, 2.54mm pitch, single row")
    (tags "Through hole pin header THT 1x04 2.54mm single row")
    (path /6015B838)
    (fp_text reference J1 (at -1.3335 -2.1209 180) (layer F.SilkS)
      (effects (font (size 0.762 0.762) (thickness 0.1397)))
    )
    (fp_text value Power/Signal (at 3.0861 3.4417 180) (layer F.Fab)
      (effects (font (size 1 1) (thickness 0.15)))
    )
    (fp_line (start -0.635 -1.27) (end 1.27 -1.27) (layer F.Fab) (width 0.1))
    (fp_line (start 1.27 -1.27) (end 1.27 8.89) (layer F.Fab) (width 0.1))
    (fp_line (start 1.27 8.89) (end -1.27 8.89) (layer F.Fab) (width 0.1))
    (fp_line (start -1.27 8.89) (end -1.27 -0.635) (layer F.Fab) (width 0.1))
    (fp_line (start -1.27 -0.635) (end -0.635 -1.27) (layer F.Fab) (width 0.1))
    (fp_line (start -1.33 8.95) (end 1.33 8.95) (layer F.SilkS) (width 0.12))
    (fp_line (start -1.33 1.27) (end -1.33 8.95) (layer F.SilkS) (width 0.12))
    (fp_line (start 1.33 1.27) (end 1.33 8.95) (layer F.SilkS) (width 0.12))
    (fp_line (start -1.33 1.27) (end 1.33 1.27) (layer F.SilkS) (width 0.12))
    (fp_line (start -1.33 0) (end -1.33 -1.33) (layer F.SilkS) (width 0.12))
    (fp_line (start -1.33 -1.33) (end 0 -1.33) (layer F.SilkS) (width 0.12))
    (fp_line (start -1.8 -1.8) (end -1.8 9.4) (layer F.CrtYd) (width 0.05))
    (fp_line (start -1.8 9.4) (end 1.8 9.4) (layer F.CrtYd) (width 0.05))
    (fp_line (start 1.8 9.4) (end 1.8 -1.8) (layer F.CrtYd) (width 0.05))
    (fp_line (start 1.8 -1.8) (end -1.8 -1.8) (layer F.CrtYd) (width 0.05))
    (fp_text user %R (at 0 3.81) (layer F.Fab)
      (effects (font (size 1 1) (thickness 0.15)))
    )
    (pad 1 thru_hole rect (at 0 0 90) (size 1.7 1.7) (drill 1) (layers *.Cu *.Mask)
      (net 11 "Net-(J1-Pad1)"))
    (pad 2 thru_hole oval (at 0 2.54 90) (size 1.7 1.7) (drill 1) (layers *.Cu *.Mask)
      (net 1 GND))
    (pad 3 thru_hole oval (at 0 5.08 90) (size 1.7 1.7) (drill 1) (layers *.Cu *.Mask)
      (net 5 +3V3))
    (pad 4 thru_hole oval (at 0 7.62 90) (size 1.7 1.7) (drill 1) (layers *.Cu *.Mask)
      (net 12 "Net-(J1-Pad4)"))
    (model ${KISYS3DMOD}/Connector_PinHeader_2.54mm.3dshapes/PinHeader_1x04_P2.54mm_Vertical.wrl
      (at (xyz 0 0 0))
      (scale (xyz 1 1 1))
      (rotate (xyz 0 0 0))
    )
  )

  (module Package_SO:SOIC-14_3.9x8.7mm_P1.27mm (layer B.Cu) (tedit 5D9F72B1) (tstamp 6012B118)
    (at 120.5103 55.0418 135)
    (descr "SOIC, 14 Pin (JEDEC MS-012AB, https://www.analog.com/media/en/package-pcb-resources/package/pkg_pdf/soic_narrow-r/r_14.pdf), generated with kicad-footprint-generator ipc_gullwing_generator.py")
    (tags "SOIC SO")
    (path /5F112964)
    (attr smd)
    (fp_text reference U1 (at 0 5.28 315) (layer B.SilkS)
      (effects (font (size 1 1) (thickness 0.15)) (justify mirror))
    )
    (fp_text value ATtiny814 (at 0 -5.28 315) (layer B.Fab)
      (effects (font (size 1 1) (thickness 0.15)) (justify mirror))
    )
    (fp_line (start 3.7 4.58) (end -3.7 4.58) (layer B.CrtYd) (width 0.05))
    (fp_line (start 3.7 -4.58) (end 3.7 4.58) (layer B.CrtYd) (width 0.05))
    (fp_line (start -3.7 -4.58) (end 3.7 -4.58) (layer B.CrtYd) (width 0.05))
    (fp_line (start -3.7 4.58) (end -3.7 -4.58) (layer B.CrtYd) (width 0.05))
    (fp_line (start -1.95 3.35) (end -0.975 4.325) (layer B.Fab) (width 0.1))
    (fp_line (start -1.95 -4.325) (end -1.95 3.35) (layer B.Fab) (width 0.1))
    (fp_line (start 1.95 -4.325) (end -1.95 -4.325) (layer B.Fab) (width 0.1))
    (fp_line (start 1.95 4.325) (end 1.95 -4.325) (layer B.Fab) (width 0.1))
    (fp_line (start -0.975 4.325) (end 1.95 4.325) (layer B.Fab) (width 0.1))
    (fp_line (start 0 4.435) (end -3.45 4.435) (layer B.SilkS) (width 0.12))
    (fp_line (start 0 4.435) (end 1.95 4.435) (layer B.SilkS) (width 0.12))
    (fp_line (start 0 -4.435) (end -1.95 -4.435) (layer B.SilkS) (width 0.12))
    (fp_line (start 0 -4.435) (end 1.95 -4.435) (layer B.SilkS) (width 0.12))
    (fp_text user %R (at 0 0 315) (layer B.Fab)
      (effects (font (size 0.98 0.98) (thickness 0.15)) (justify mirror))
    )
    (pad 1 smd roundrect (at -2.475 3.81 135) (size 1.95 0.6) (layers B.Cu B.Paste B.Mask) (roundrect_rratio 0.25)
      (net 5 +3V3))
    (pad 2 smd roundrect (at -2.475 2.54 135) (size 1.95 0.6) (layers B.Cu B.Paste B.Mask) (roundrect_rratio 0.25)
      (net 6 "Net-(U1-Pad2)"))
    (pad 3 smd roundrect (at -2.475 1.27 135) (size 1.95 0.6) (layers B.Cu B.Paste B.Mask) (roundrect_rratio 0.25)
      (net 7 "Net-(U1-Pad3)"))
    (pad 4 smd roundrect (at -2.475 0 135) (size 1.95 0.6) (layers B.Cu B.Paste B.Mask) (roundrect_rratio 0.25)
      (net 8 "Net-(U1-Pad4)"))
    (pad 5 smd roundrect (at -2.475 -1.27 135) (size 1.95 0.6) (layers B.Cu B.Paste B.Mask) (roundrect_rratio 0.25)
      (net 9 "Net-(U1-Pad5)"))
    (pad 6 smd roundrect (at -2.475 -2.54 135) (size 1.95 0.6) (layers B.Cu B.Paste B.Mask) (roundrect_rratio 0.25)
      (net 13 "Net-(J2-Pad4)"))
    (pad 7 smd roundrect (at -2.475 -3.81 135) (size 1.95 0.6) (layers B.Cu B.Paste B.Mask) (roundrect_rratio 0.25)
      (net 14 "Net-(J2-Pad3)"))
    (pad 8 smd roundrect (at 2.475 -3.81 135) (size 1.95 0.6) (layers B.Cu B.Paste B.Mask) (roundrect_rratio 0.25)
      (net 10 "Net-(U1-Pad8)"))
    (pad 9 smd roundrect (at 2.475 -2.54 135) (size 1.95 0.6) (layers B.Cu B.Paste B.Mask) (roundrect_rratio 0.25)
      (net 11 "Net-(J1-Pad1)"))
    (pad 10 smd roundrect (at 2.475 -1.27 135) (size 1.95 0.6) (layers B.Cu B.Paste B.Mask) (roundrect_rratio 0.25)
      (net 12 "Net-(J1-Pad4)"))
    (pad 11 smd roundrect (at 2.475 0 135) (size 1.95 0.6) (layers B.Cu B.Paste B.Mask) (roundrect_rratio 0.25)
      (net 2 "Net-(U1-Pad11)"))
    (pad 12 smd roundrect (at 2.475 1.27 135) (size 1.95 0.6) (layers B.Cu B.Paste B.Mask) (roundrect_rratio 0.25)
      (net 3 "Net-(U1-Pad12)"))
    (pad 13 smd roundrect (at 2.475 2.54 135) (size 1.95 0.6) (layers B.Cu B.Paste B.Mask) (roundrect_rratio 0.25)
      (net 4 "Net-(U1-Pad13)"))
    (pad 14 smd roundrect (at 2.475 3.81 135) (size 1.95 0.6) (layers B.Cu B.Paste B.Mask) (roundrect_rratio 0.25)
      (net 1 GND))
    (model ${KISYS3DMOD}/Package_SO.3dshapes/SOIC-14_3.9x8.7mm_P1.27mm.wrl
      (at (xyz 0 0 0))
      (scale (xyz 1 1 1))
      (rotate (xyz 0 0 0))
    )
  )

  (module Package_TO_SOT_SMD:SOT-23 (layer F.Cu) (tedit 5A02FF57) (tstamp 6012B47E)
    (at 116.3955 58.2676 55)
    (descr "SOT-23, Standard")
    (tags SOT-23)
    (path /5EF2DD3D)
    (attr smd)
    (fp_text reference U2 (at 0 -2.5 55) (layer F.SilkS)
      (effects (font (size 0.762 0.762) (thickness 0.1397)))
    )
    (fp_text value "Hall 1" (at 0 2.5 55) (layer F.SilkS)
      (effects (font (size 0.762 0.762) (thickness 0.1397)))
    )
    (fp_line (start 0.76 1.58) (end -0.7 1.58) (layer F.SilkS) (width 0.12))
    (fp_line (start 0.76 -1.58) (end -1.4 -1.58) (layer F.SilkS) (width 0.12))
    (fp_line (start -1.7 1.75) (end -1.7 -1.75) (layer F.CrtYd) (width 0.05))
    (fp_line (start 1.7 1.75) (end -1.7 1.75) (layer F.CrtYd) (width 0.05))
    (fp_line (start 1.7 -1.75) (end 1.7 1.75) (layer F.CrtYd) (width 0.05))
    (fp_line (start -1.7 -1.75) (end 1.7 -1.75) (layer F.CrtYd) (width 0.05))
    (fp_line (start 0.76 -1.58) (end 0.76 -0.65) (layer F.SilkS) (width 0.12))
    (fp_line (start 0.76 1.58) (end 0.76 0.65) (layer F.SilkS) (width 0.12))
    (fp_line (start -0.7 1.52) (end 0.7 1.52) (layer F.Fab) (width 0.1))
    (fp_line (start 0.7 -1.52) (end 0.7 1.52) (layer F.Fab) (width 0.1))
    (fp_line (start -0.7 -0.95) (end -0.15 -1.52) (layer F.Fab) (width 0.1))
    (fp_line (start -0.15 -1.52) (end 0.7 -1.52) (layer F.Fab) (width 0.1))
    (fp_line (start -0.7 -0.95) (end -0.7 1.5) (layer F.Fab) (width 0.1))
    (fp_text user %R (at 0 0 145) (layer F.Fab)
      (effects (font (size 0.5 0.5) (thickness 0.075)))
    )
    (pad 1 smd rect (at -1 -0.95 55) (size 0.9 0.8) (layers F.Cu F.Paste F.Mask)
      (net 5 +3V3))
    (pad 2 smd rect (at -1 0.95 55) (size 0.9 0.8) (layers F.Cu F.Paste F.Mask)
      (net 2 "Net-(U1-Pad11)"))
    (pad 3 smd rect (at 1 0 55) (size 0.9 0.8) (layers F.Cu F.Paste F.Mask)
      (net 1 GND))
    (model ${KISYS3DMOD}/Package_TO_SOT_SMD.3dshapes/SOT-23.wrl
      (at (xyz 0 0 0))
      (scale (xyz 1 1 1))
      (rotate (xyz 0 0 0))
    )
  )

  (module Package_TO_SOT_SMD:SOT-23 (layer F.Cu) (tedit 5A02FF57) (tstamp 6012B00A)
    (at 120.2563 54.8513 36.5)
    (descr "SOT-23, Standard")
    (tags SOT-23)
    (path /5EF2FF40)
    (attr smd)
    (fp_text reference U3 (at 0 -2.5 36.5) (layer F.SilkS)
      (effects (font (size 0.762 0.762) (thickness 0.1397)))
    )
    (fp_text value "Hall 2" (at 0 2.5 36.5) (layer F.SilkS)
      (effects (font (size 0.762 0.762) (thickness 0.1397)))
    )
    (fp_text user %R (at 0 0 126.5) (layer F.Fab)
      (effects (font (size 0.5 0.5) (thickness 0.075)))
    )
    (fp_line (start -0.7 -0.95) (end -0.7 1.5) (layer F.Fab) (width 0.1))
    (fp_line (start -0.15 -1.52) (end 0.7 -1.52) (layer F.Fab) (width 0.1))
    (fp_line (start -0.7 -0.95) (end -0.15 -1.52) (layer F.Fab) (width 0.1))
    (fp_line (start 0.7 -1.52) (end 0.7 1.52) (layer F.Fab) (width 0.1))
    (fp_line (start -0.7 1.52) (end 0.7 1.52) (layer F.Fab) (width 0.1))
    (fp_line (start 0.76 1.58) (end 0.76 0.65) (layer F.SilkS) (width 0.12))
    (fp_line (start 0.76 -1.58) (end 0.76 -0.65) (layer F.SilkS) (width 0.12))
    (fp_line (start -1.7 -1.75) (end 1.7 -1.75) (layer F.CrtYd) (width 0.05))
    (fp_line (start 1.7 -1.75) (end 1.7 1.75) (layer F.CrtYd) (width 0.05))
    (fp_line (start 1.7 1.75) (end -1.7 1.75) (layer F.CrtYd) (width 0.05))
    (fp_line (start -1.7 1.75) (end -1.7 -1.75) (layer F.CrtYd) (width 0.05))
    (fp_line (start 0.76 -1.58) (end -1.4 -1.58) (layer F.SilkS) (width 0.12))
    (fp_line (start 0.76 1.58) (end -0.7 1.58) (layer F.SilkS) (width 0.12))
    (pad 3 smd rect (at 1 0 36.5) (size 0.9 0.8) (layers F.Cu F.Paste F.Mask)
      (net 1 GND))
    (pad 2 smd rect (at -1 0.95 36.5) (size 0.9 0.8) (layers F.Cu F.Paste F.Mask)
      (net 3 "Net-(U1-Pad12)"))
    (pad 1 smd rect (at -1 -0.95 36.5) (size 0.9 0.8) (layers F.Cu F.Paste F.Mask)
      (net 5 +3V3))
    (model ${KISYS3DMOD}/Package_TO_SOT_SMD.3dshapes/SOT-23.wrl
      (at (xyz 0 0 0))
      (scale (xyz 1 1 1))
      (rotate (xyz 0 0 0))
    )
  )

  (module Package_TO_SOT_SMD:SOT-23 (layer F.Cu) (tedit 5A02FF57) (tstamp 6012B01E)
    (at 125.0569 52.6923 18)
    (descr "SOT-23, Standard")
    (tags SOT-23)
    (path /5EF3088F)
    (attr smd)
    (fp_text reference U4 (at -0.402667 -2.254052 18) (layer F.SilkS)
      (effects (font (size 0.762 0.762) (thickness 0.1397)))
    )
    (fp_text value "Hall 3" (at 0 2.5 18) (layer F.SilkS)
      (effects (font (size 0.762 0.762) (thickness 0.1397)))
    )
    (fp_line (start 0.76 1.58) (end -0.7 1.58) (layer F.SilkS) (width 0.12))
    (fp_line (start 0.76 -1.58) (end -1.4 -1.58) (layer F.SilkS) (width 0.12))
    (fp_line (start -1.7 1.75) (end -1.7 -1.75) (layer F.CrtYd) (width 0.05))
    (fp_line (start 1.7 1.75) (end -1.7 1.75) (layer F.CrtYd) (width 0.05))
    (fp_line (start 1.7 -1.75) (end 1.7 1.75) (layer F.CrtYd) (width 0.05))
    (fp_line (start -1.7 -1.75) (end 1.7 -1.75) (layer F.CrtYd) (width 0.05))
    (fp_line (start 0.76 -1.58) (end 0.76 -0.65) (layer F.SilkS) (width 0.12))
    (fp_line (start 0.76 1.58) (end 0.76 0.65) (layer F.SilkS) (width 0.12))
    (fp_line (start -0.7 1.52) (end 0.7 1.52) (layer F.Fab) (width 0.1))
    (fp_line (start 0.7 -1.52) (end 0.7 1.52) (layer F.Fab) (width 0.1))
    (fp_line (start -0.7 -0.95) (end -0.15 -1.52) (layer F.Fab) (width 0.1))
    (fp_line (start -0.15 -1.52) (end 0.7 -1.52) (layer F.Fab) (width 0.1))
    (fp_line (start -0.7 -0.95) (end -0.7 1.5) (layer F.Fab) (width 0.1))
    (fp_text user %R (at 0 0 108) (layer F.Fab)
      (effects (font (size 0.5 0.5) (thickness 0.075)))
    )
    (pad 1 smd rect (at -1 -0.95 18) (size 0.9 0.8) (layers F.Cu F.Paste F.Mask)
      (net 5 +3V3))
    (pad 2 smd rect (at -1 0.95 18) (size 0.9 0.8) (layers F.Cu F.Paste F.Mask)
      (net 4 "Net-(U1-Pad13)"))
    (pad 3 smd rect (at 1 0 18) (size 0.9 0.8) (layers F.Cu F.Paste F.Mask)
      (net 1 GND))
    (model ${KISYS3DMOD}/Package_TO_SOT_SMD.3dshapes/SOT-23.wrl
      (at (xyz 0 0 0))
      (scale (xyz 1 1 1))
      (rotate (xyz 0 0 0))
    )
  )

  (module Package_TO_SOT_SMD:SOT-23 (layer F.Cu) (tedit 5A02FF57) (tstamp 6012B032)
    (at 130 52)
    (descr "SOT-23, Standard")
    (tags SOT-23)
    (path /5EF30FFA)
    (attr smd)
    (fp_text reference U5 (at 2.4991 -0.5015) (layer F.SilkS)
      (effects (font (size 0.762 0.762) (thickness 0.1397)))
    )
    (fp_text value "Hall 4" (at 0 2.5) (layer F.SilkS)
      (effects (font (size 0.762 0.762) (thickness 0.1397)))
    )
    (fp_line (start 0.76 1.58) (end -0.7 1.58) (layer F.SilkS) (width 0.12))
    (fp_line (start 0.76 -1.58) (end -1.4 -1.58) (layer F.SilkS) (width 0.12))
    (fp_line (start -1.7 1.75) (end -1.7 -1.75) (layer F.CrtYd) (width 0.05))
    (fp_line (start 1.7 1.75) (end -1.7 1.75) (layer F.CrtYd) (width 0.05))
    (fp_line (start 1.7 -1.75) (end 1.7 1.75) (layer F.CrtYd) (width 0.05))
    (fp_line (start -1.7 -1.75) (end 1.7 -1.75) (layer F.CrtYd) (width 0.05))
    (fp_line (start 0.76 -1.58) (end 0.76 -0.65) (layer F.SilkS) (width 0.12))
    (fp_line (start 0.76 1.58) (end 0.76 0.65) (layer F.SilkS) (width 0.12))
    (fp_line (start -0.7 1.52) (end 0.7 1.52) (layer F.Fab) (width 0.1))
    (fp_line (start 0.7 -1.52) (end 0.7 1.52) (layer F.Fab) (width 0.1))
    (fp_line (start -0.7 -0.95) (end -0.15 -1.52) (layer F.Fab) (width 0.1))
    (fp_line (start -0.15 -1.52) (end 0.7 -1.52) (layer F.Fab) (width 0.1))
    (fp_line (start -0.7 -0.95) (end -0.7 1.5) (layer F.Fab) (width 0.1))
    (fp_text user %R (at 0 0 90) (layer F.Fab)
      (effects (font (size 0.5 0.5) (thickness 0.075)))
    )
    (pad 1 smd rect (at -1 -0.95) (size 0.9 0.8) (layers F.Cu F.Paste F.Mask)
      (net 5 +3V3))
    (pad 2 smd rect (at -1 0.95) (size 0.9 0.8) (layers F.Cu F.Paste F.Mask)
      (net 6 "Net-(U1-Pad2)"))
    (pad 3 smd rect (at 1 0) (size 0.9 0.8) (layers F.Cu F.Paste F.Mask)
      (net 1 GND))
    (model ${KISYS3DMOD}/Package_TO_SOT_SMD.3dshapes/SOT-23.wrl
      (at (xyz 0 0 0))
      (scale (xyz 1 1 1))
      (rotate (xyz 0 0 0))
    )
  )

  (module Package_TO_SOT_SMD:SOT-23 (layer F.Cu) (tedit 5A02FF57) (tstamp 6012B046)
    (at 135.128 52.7304 342)
    (descr "SOT-23, Standard")
    (tags SOT-23)
    (path /5EF31415)
    (attr smd)
    (fp_text reference U6 (at 0.318728 -2.3069 162) (layer F.SilkS)
      (effects (font (size 0.762 0.762) (thickness 0.1397)))
    )
    (fp_text value "Hall 5" (at 0 2.5 162) (layer F.SilkS)
      (effects (font (size 0.762 0.762) (thickness 0.1397)))
    )
    (fp_text user %R (at 0 0 72) (layer F.Fab)
      (effects (font (size 0.5 0.5) (thickness 0.075)))
    )
    (fp_line (start -0.7 -0.95) (end -0.7 1.5) (layer F.Fab) (width 0.1))
    (fp_line (start -0.15 -1.52) (end 0.7 -1.52) (layer F.Fab) (width 0.1))
    (fp_line (start -0.7 -0.95) (end -0.15 -1.52) (layer F.Fab) (width 0.1))
    (fp_line (start 0.7 -1.52) (end 0.7 1.52) (layer F.Fab) (width 0.1))
    (fp_line (start -0.7 1.52) (end 0.7 1.52) (layer F.Fab) (width 0.1))
    (fp_line (start 0.76 1.58) (end 0.76 0.65) (layer F.SilkS) (width 0.12))
    (fp_line (start 0.76 -1.58) (end 0.76 -0.65) (layer F.SilkS) (width 0.12))
    (fp_line (start -1.7 -1.75) (end 1.7 -1.75) (layer F.CrtYd) (width 0.05))
    (fp_line (start 1.7 -1.75) (end 1.7 1.75) (layer F.CrtYd) (width 0.05))
    (fp_line (start 1.7 1.75) (end -1.7 1.75) (layer F.CrtYd) (width 0.05))
    (fp_line (start -1.7 1.75) (end -1.7 -1.75) (layer F.CrtYd) (width 0.05))
    (fp_line (start 0.76 -1.58) (end -1.4 -1.58) (layer F.SilkS) (width 0.12))
    (fp_line (start 0.76 1.58) (end -0.7 1.58) (layer F.SilkS) (width 0.12))
    (pad 3 smd rect (at 1 0 342) (size 0.9 0.8) (layers F.Cu F.Paste F.Mask)
      (net 1 GND))
    (pad 2 smd rect (at -1 0.95 342) (size 0.9 0.8) (layers F.Cu F.Paste F.Mask)
      (net 7 "Net-(U1-Pad3)"))
    (pad 1 smd rect (at -1 -0.95 342) (size 0.9 0.8) (layers F.Cu F.Paste F.Mask)
      (net 5 +3V3))
    (model ${KISYS3DMOD}/Package_TO_SOT_SMD.3dshapes/SOT-23.wrl
      (at (xyz 0 0 0))
      (scale (xyz 1 1 1))
      (rotate (xyz 0 0 0))
    )
  )

  (module Package_TO_SOT_SMD:SOT-23 (layer F.Cu) (tedit 5A02FF57) (tstamp 6012B7AD)
    (at 139.8016 54.9148 323.5)
    (descr "SOT-23, Standard")
    (tags SOT-23)
    (path /6013B6E7)
    (attr smd)
    (fp_text reference U7 (at -2.438489 -0.266628 143.5) (layer F.SilkS)
      (effects (font (size 0.762 0.762) (thickness 0.1397)))
    )
    (fp_text value "Hall 6" (at 0 2.5 143.5) (layer F.SilkS)
      (effects (font (size 0.762 0.762) (thickness 0.1397)))
    )
    (fp_text user %R (at 0 0 53.5) (layer F.Fab)
      (effects (font (size 0.5 0.5) (thickness 0.075)))
    )
    (fp_line (start -0.7 -0.95) (end -0.7 1.5) (layer F.Fab) (width 0.1))
    (fp_line (start -0.15 -1.52) (end 0.7 -1.52) (layer F.Fab) (width 0.1))
    (fp_line (start -0.7 -0.95) (end -0.15 -1.52) (layer F.Fab) (width 0.1))
    (fp_line (start 0.7 -1.52) (end 0.7 1.52) (layer F.Fab) (width 0.1))
    (fp_line (start -0.7 1.52) (end 0.7 1.52) (layer F.Fab) (width 0.1))
    (fp_line (start 0.76 1.58) (end 0.76 0.65) (layer F.SilkS) (width 0.12))
    (fp_line (start 0.76 -1.58) (end 0.76 -0.65) (layer F.SilkS) (width 0.12))
    (fp_line (start -1.7 -1.75) (end 1.7 -1.75) (layer F.CrtYd) (width 0.05))
    (fp_line (start 1.7 -1.75) (end 1.7 1.75) (layer F.CrtYd) (width 0.05))
    (fp_line (start 1.7 1.75) (end -1.7 1.75) (layer F.CrtYd) (width 0.05))
    (fp_line (start -1.7 1.75) (end -1.7 -1.75) (layer F.CrtYd) (width 0.05))
    (fp_line (start 0.76 -1.58) (end -1.4 -1.58) (layer F.SilkS) (width 0.12))
    (fp_line (start 0.76 1.58) (end -0.7 1.58) (layer F.SilkS) (width 0.12))
    (pad 3 smd rect (at 1 0 323.5) (size 0.9 0.8) (layers F.Cu F.Paste F.Mask)
      (net 1 GND))
    (pad 2 smd rect (at -1 0.95 323.5) (size 0.9 0.8) (layers F.Cu F.Paste F.Mask)
      (net 8 "Net-(U1-Pad4)"))
    (pad 1 smd rect (at -1 -0.95 323.5) (size 0.9 0.8) (layers F.Cu F.Paste F.Mask)
      (net 5 +3V3))
    (model ${KISYS3DMOD}/Package_TO_SOT_SMD.3dshapes/SOT-23.wrl
      (at (xyz 0 0 0))
      (scale (xyz 1 1 1))
      (rotate (xyz 0 0 0))
    )
  )

  (module Package_TO_SOT_SMD:SOT-23 (layer F.Cu) (tedit 5A02FF57) (tstamp 6012B7C2)
    (at 143.6624 58.2803 305)
    (descr "SOT-23, Standard")
    (tags SOT-23)
    (path /60139BBA)
    (attr smd)
    (fp_text reference U8 (at -2.459231 -0.620345 125) (layer F.SilkS)
      (effects (font (size 0.762 0.762) (thickness 0.1397)))
    )
    (fp_text value "Hall 7" (at 0 2.5 125) (layer F.SilkS)
      (effects (font (size 0.762 0.762) (thickness 0.1397)))
    )
    (fp_line (start 0.76 1.58) (end -0.7 1.58) (layer F.SilkS) (width 0.12))
    (fp_line (start 0.76 -1.58) (end -1.4 -1.58) (layer F.SilkS) (width 0.12))
    (fp_line (start -1.7 1.75) (end -1.7 -1.75) (layer F.CrtYd) (width 0.05))
    (fp_line (start 1.7 1.75) (end -1.7 1.75) (layer F.CrtYd) (width 0.05))
    (fp_line (start 1.7 -1.75) (end 1.7 1.75) (layer F.CrtYd) (width 0.05))
    (fp_line (start -1.7 -1.75) (end 1.7 -1.75) (layer F.CrtYd) (width 0.05))
    (fp_line (start 0.76 -1.58) (end 0.76 -0.65) (layer F.SilkS) (width 0.12))
    (fp_line (start 0.76 1.58) (end 0.76 0.65) (layer F.SilkS) (width 0.12))
    (fp_line (start -0.7 1.52) (end 0.7 1.52) (layer F.Fab) (width 0.1))
    (fp_line (start 0.7 -1.52) (end 0.7 1.52) (layer F.Fab) (width 0.1))
    (fp_line (start -0.7 -0.95) (end -0.15 -1.52) (layer F.Fab) (width 0.1))
    (fp_line (start -0.15 -1.52) (end 0.7 -1.52) (layer F.Fab) (width 0.1))
    (fp_line (start -0.7 -0.95) (end -0.7 1.5) (layer F.Fab) (width 0.1))
    (fp_text user %R (at 0 0 35) (layer F.Fab)
      (effects (font (size 0.5 0.5) (thickness 0.075)))
    )
    (pad 1 smd rect (at -1 -0.95 305) (size 0.9 0.8) (layers F.Cu F.Paste F.Mask)
      (net 5 +3V3))
    (pad 2 smd rect (at -1 0.95 305) (size 0.9 0.8) (layers F.Cu F.Paste F.Mask)
      (net 9 "Net-(U1-Pad5)"))
    (pad 3 smd rect (at 1 0 305) (size 0.9 0.8) (layers F.Cu F.Paste F.Mask)
      (net 1 GND))
    (model ${KISYS3DMOD}/Package_TO_SOT_SMD.3dshapes/SOT-23.wrl
      (at (xyz 0 0 0))
      (scale (xyz 1 1 1))
      (rotate (xyz 0 0 0))
    )
  )

  (gr_arc (start 130 70.25) (end 153.499999 65.250001) (angle -154.8159682) (layer Edge.Cuts) (width 0.05))
  (gr_line (start 118.303073 67.512421) (end 106.606142 64.774841) (layer Edge.Cuts) (width 0.05))
  (gr_arc (start 130 70.25) (end 141.749998 67.750002) (angle -154.8159719) (layer Edge.Cuts) (width 0.05))
  (gr_line (start 141.749998 67.750002) (end 153.499999 65.250001) (layer Edge.Cuts) (width 0.05))
  (gr_line (start 119.95 63.1) (end 110.25 56.75) (layer F.SilkS) (width 0.12))
  (gr_line (start 139.9 63.2) (end 149.75 56.75) (layer F.SilkS) (width 0.12))
  (gr_text "7 Pos Hall Sensor V1" (at 129.5654 56.896) (layer F.SilkS)
    (effects (font (size 0.762 0.762) (thickness 0.1397)))
  )
  (gr_text RX (at 138.45 51.55 -35) (layer F.SilkS) (tstamp 601620A3)
    (effects (font (size 0.6858 0.6858) (thickness 0.13335)))
  )
  (gr_text TX (at 140.71 53.11 -35) (layer F.SilkS) (tstamp 601620A3)
    (effects (font (size 0.6858 0.6858) (thickness 0.13335)))
  )
  (gr_text GND (at 142.83 54.6 -35) (layer F.SilkS) (tstamp 601620A3)
    (effects (font (size 0.6604 0.6604) (thickness 0.13335)))
  )
  (gr_text 3.3V (at 145.14 56.05 -35) (layer F.SilkS)
    (effects (font (size 0.6858 0.6858) (thickness 0.13335)))
  )
  (gr_circle (center 126.217651 54.6227) (end 126.281151 54.7116) (layer B.SilkS) (width 0.12))
  (gr_text RST (at 136.4107 48.3235) (layer F.SilkS)
    (effects (font (size 0.762 0.762) (thickness 0.1397)))
  )
  (gr_text PWM (at 122.6566 48.387) (layer F.SilkS)
    (effects (font (size 0.762 0.762) (thickness 0.1397)))
  )
  (gr_circle (center 130 70) (end 148 70) (layer Dwgs.User) (width 0.15))
  (gr_circle (center 130 70) (end 154 70) (layer Dwgs.User) (width 0.15))
  (gr_circle (center 130 70) (end 142 70) (layer Dwgs.User) (width 0.15))

  (segment (start 140.045656 55.509623) (end 140.605457 55.509623) (width 0.25) (layer F.Cu) (net 1))
  (segment (start 137.932572 53.396539) (end 140.045656 55.509623) (width 0.25) (layer F.Cu) (net 1))
  (segment (start 136.436179 53.396539) (end 137.932572 53.396539) (width 0.25) (layer F.Cu) (net 1))
  (segment (start 136.079057 53.039417) (end 136.436179 53.396539) (width 0.25) (layer F.Cu) (net 1))
  (segment (start 144.235976 58.550104) (end 144.235976 59.099452) (width 0.25) (layer F.Cu) (net 1))
  (segment (start 141.195495 55.509623) (end 144.235976 58.550104) (width 0.25) (layer F.Cu) (net 1))
  (segment (start 140.605457 55.509623) (end 141.195495 55.509623) (width 0.25) (layer F.Cu) (net 1))
  (segment (start 131.7 52) (end 131 52) (width 0.25) (layer F.Cu) (net 1))
  (segment (start 132.062369 52.362369) (end 131.7 52) (width 0.25) (layer F.Cu) (net 1))
  (segment (start 135.6059 53.039417) (end 134.928852 52.362369) (width 0.25) (layer F.Cu) (net 1))
  (segment (start 134.928852 52.362369) (end 132.062369 52.362369) (width 0.25) (layer F.Cu) (net 1))
  (segment (start 136.079057 53.039417) (end 135.6059 53.039417) (width 0.25) (layer F.Cu) (net 1))
  (segment (start 121.381888 53.934746) (end 121.060157 54.256477) (width 0.25) (layer F.Cu) (net 1))
  (segment (start 122.374331 52.942303) (end 121.381888 53.934746) (width 0.25) (layer F.Cu) (net 1))
  (segment (start 125.448937 52.942303) (end 122.374331 52.942303) (width 0.25) (layer F.Cu) (net 1))
  (segment (start 126.007957 52.383283) (end 125.448937 52.942303) (width 0.25) (layer F.Cu) (net 1))
  (segment (start 120.500356 54.256477) (end 121.060157 54.256477) (width 0.25) (layer F.Cu) (net 1))
  (segment (start 117.631491 57.125342) (end 120.500356 54.256477) (width 0.25) (layer F.Cu) (net 1))
  (segment (start 117.292182 57.125342) (end 117.631491 57.125342) (width 0.25) (layer F.Cu) (net 1))
  (segment (start 116.969076 57.448448) (end 117.292182 57.125342) (width 0.25) (layer F.Cu) (net 1))
  (segment (start 128.3589 49.258881) (end 127.6096 50.008181) (width 0.25) (layer B.Cu) (net 1))
  (via (at 127.6223 52.1081) (size 0.8) (drill 0.4) (layers F.Cu B.Cu) (net 1))
  (segment (start 127.6223 50.020881) (end 127.6223 52.1081) (width 0.25) (layer B.Cu) (net 1))
  (segment (start 127.6096 50.008181) (end 127.6223 50.020881) (width 0.25) (layer B.Cu) (net 1))
  (segment (start 127.347117 52.383283) (end 127.6223 52.1081) (width 0.25) (layer F.Cu) (net 1))
  (segment (start 126.007957 52.383283) (end 127.347117 52.383283) (width 0.25) (layer F.Cu) (net 1))
  (segment (start 130.8919 52.1081) (end 131 52) (width 0.25) (layer F.Cu) (net 1))
  (segment (start 127.6223 52.1081) (end 130.8919 52.1081) (width 0.25) (layer F.Cu) (net 1))
  (segment (start 121.454288 50.597634) (end 127.020147 50.597634) (width 0.25) (layer B.Cu) (net 1))
  (segment (start 127.020147 50.597634) (end 128.3589 49.258881) (width 0.25) (layer B.Cu) (net 1))
  (segment (start 128.3589 49.258881) (end 128.3589 48.0568) (width 0.25) (layer B.Cu) (net 1))
  (via (at 140.0048 56.7309) (size 0.8) (drill 0.4) (layers F.Cu B.Cu) (net 1))
  (segment (start 143.753454 52.734016) (end 140.0048 56.48267) (width 0.25) (layer B.Cu) (net 1))
  (segment (start 140.0048 56.48267) (end 140.0048 56.7309) (width 0.25) (layer B.Cu) (net 1))
  (segment (start 140.0048 56.11028) (end 140.605457 55.509623) (width 0.25) (layer F.Cu) (net 1))
  (segment (start 140.0048 56.7309) (end 140.0048 56.11028) (width 0.25) (layer F.Cu) (net 1))
  (segment (start 119.026624 53.982388) (end 119.026624 55.636476) (width 0.25) (layer B.Cu) (net 2))
  (segment (start 118.760211 53.291711) (end 118.760211 53.715975) (width 0.25) (layer B.Cu) (net 2))
  (segment (start 118.760211 53.715975) (end 119.026624 53.982388) (width 0.25) (layer B.Cu) (net 2))
  (via (at 118.2116 57.8739) (size 0.8) (drill 0.4) (layers F.Cu B.Cu) (net 2))
  (segment (start 118.401873 57.683627) (end 118.2116 57.8739) (width 0.25) (layer B.Cu) (net 2))
  (segment (start 119.026624 55.636476) (end 118.401873 56.261227) (width 0.25) (layer B.Cu) (net 2))
  (segment (start 118.401873 56.261227) (end 118.401873 57.683627) (width 0.25) (layer B.Cu) (net 2))
  (segment (start 118.2116 58.020168) (end 116.600118 59.63165) (width 0.25) (layer F.Cu) (net 2))
  (segment (start 118.2116 57.8739) (end 118.2116 58.020168) (width 0.25) (layer F.Cu) (net 2))
  (segment (start 119.658236 52.817949) (end 119.92465 53.084363) (width 0.25) (layer B.Cu) (net 3))
  (segment (start 119.92465 53.084363) (end 119.92465 56.250633) (width 0.25) (layer B.Cu) (net 3))
  (segment (start 119.658236 52.393685) (end 119.658236 52.817949) (width 0.25) (layer B.Cu) (net 3))
  (segment (start 119.92465 56.250633) (end 119.526882 56.648401) (width 0.25) (layer B.Cu) (net 3))
  (segment (start 119.178912 57.0484) (end 119.126883 57.0484) (width 0.25) (layer F.Cu) (net 3))
  (segment (start 119.526882 56.648401) (end 119.126883 57.0484) (width 0.25) (layer B.Cu) (net 3))
  (via (at 119.126883 57.0484) (size 0.8) (drill 0.4) (layers F.Cu B.Cu) (net 3))
  (segment (start 120.017525 56.209787) (end 119.178912 57.0484) (width 0.25) (layer F.Cu) (net 3))
  (via (at 122.6058 53.8861) (size 0.8) (drill 0.4) (layers F.Cu B.Cu) (net 4))
  (segment (start 122.6058 53.120933) (end 122.6058 53.8861) (width 0.25) (layer B.Cu) (net 4))
  (segment (start 120.556262 51.495659) (end 120.980526 51.495659) (width 0.25) (layer B.Cu) (net 4))
  (segment (start 120.980526 51.495659) (end 122.6058 53.120933) (width 0.25) (layer B.Cu) (net 4))
  (segment (start 124.380689 53.8861) (end 124.39941 53.904821) (width 0.25) (layer F.Cu) (net 4))
  (segment (start 122.6058 53.8861) (end 124.380689 53.8861) (width 0.25) (layer F.Cu) (net 4))
  (segment (start 118.32756 54.682459) (end 118.887361 54.682459) (width 0.25) (layer F.Cu) (net 5))
  (segment (start 115.366835 57.643184) (end 118.32756 54.682459) (width 0.25) (layer F.Cu) (net 5))
  (segment (start 115.366835 58.218748) (end 115.366835 57.643184) (width 0.25) (layer F.Cu) (net 5))
  (segment (start 115.043729 58.541854) (end 115.366835 58.218748) (width 0.25) (layer F.Cu) (net 5))
  (segment (start 121.472007 52.097813) (end 123.812277 52.097813) (width 0.25) (layer F.Cu) (net 5))
  (segment (start 118.887361 54.682459) (end 121.472007 52.097813) (width 0.25) (layer F.Cu) (net 5))
  (segment (start 128.3 51.05) (end 129 51.05) (width 0.25) (layer F.Cu) (net 5))
  (segment (start 125.333247 51.05) (end 128.3 51.05) (width 0.25) (layer F.Cu) (net 5))
  (segment (start 124.285434 52.097813) (end 125.333247 51.05) (width 0.25) (layer F.Cu) (net 5))
  (segment (start 123.812277 52.097813) (end 124.285434 52.097813) (width 0.25) (layer F.Cu) (net 5))
  (segment (start 134.002631 51.05) (end 134.47051 51.517879) (width 0.25) (layer F.Cu) (net 5))
  (segment (start 129 51.05) (end 134.002631 51.05) (width 0.25) (layer F.Cu) (net 5))
  (segment (start 139.241094 53.234582) (end 139.562825 53.556313) (width 0.25) (layer F.Cu) (net 5))
  (segment (start 137.881513 51.875001) (end 139.241094 53.234582) (width 0.25) (layer F.Cu) (net 5))
  (segment (start 134.827632 51.875001) (end 137.881513 51.875001) (width 0.25) (layer F.Cu) (net 5))
  (segment (start 134.47051 51.517879) (end 134.827632 51.875001) (width 0.25) (layer F.Cu) (net 5))
  (segment (start 139.884556 53.878044) (end 140.828812 53.878044) (width 0.25) (layer F.Cu) (net 5))
  (segment (start 143.543912 56.593144) (end 143.867018 56.91625) (width 0.25) (layer F.Cu) (net 5))
  (segment (start 140.828812 53.878044) (end 143.543912 56.593144) (width 0.25) (layer F.Cu) (net 5))
  (segment (start 139.562825 53.556313) (end 139.884556 53.878044) (width 0.25) (layer F.Cu) (net 5))
  (segment (start 129 49.9557) (end 129 51.05) (width 0.25) (layer F.Cu) (net 5))
  (segment (start 130.8989 48.0568) (end 129 49.9557) (width 0.25) (layer F.Cu) (net 5))
  (segment (start 131.748899 52.236001) (end 131.748899 48.906799) (width 0.25) (layer B.Cu) (net 5))
  (segment (start 131.748899 48.906799) (end 130.8989 48.0568) (width 0.25) (layer B.Cu) (net 5))
  (segment (start 130.8989 53.086) (end 131.748899 52.236001) (width 0.25) (layer B.Cu) (net 5))
  (segment (start 125.966278 53.086) (end 130.8989 53.086) (width 0.25) (layer B.Cu) (net 5))
  (segment (start 124.954466 54.097812) (end 125.966278 53.086) (width 0.25) (layer B.Cu) (net 5))
  (segment (start 143.867018 56.157982) (end 143.867018 56.91625) (width 0.25) (layer F.Cu) (net 5))
  (segment (start 145.8341 54.1909) (end 143.867018 56.157982) (width 0.25) (layer F.Cu) (net 5))
  (segment (start 127.782849 55.262251) (end 128.905 54.1401) (width 0.25) (layer B.Cu) (net 6))
  (segment (start 124.747118 55.262251) (end 127.782849 55.262251) (width 0.25) (layer B.Cu) (net 6))
  (segment (start 124.480705 54.995838) (end 124.747118 55.262251) (width 0.25) (layer B.Cu) (net 6))
  (via (at 128.905 54.1401) (size 0.8) (drill 0.4) (layers F.Cu B.Cu) (net 6))
  (segment (start 124.056441 54.995838) (end 124.480705 54.995838) (width 0.25) (layer B.Cu) (net 6))
  (segment (start 128.905 53.045) (end 129 52.95) (width 0.25) (layer F.Cu) (net 6))
  (segment (start 128.905 54.1401) (end 128.905 53.045) (width 0.25) (layer F.Cu) (net 6))
  (via (at 132.4102 54.4195) (size 0.8) (drill 0.4) (layers F.Cu B.Cu) (net 7))
  (segment (start 130.669423 56.160277) (end 132.4102 54.4195) (width 0.25) (layer B.Cu) (net 7))
  (segment (start 123.849092 56.160277) (end 130.669423 56.160277) (width 0.25) (layer B.Cu) (net 7))
  (segment (start 123.158415 55.893864) (end 123.582679 55.893864) (width 0.25) (layer B.Cu) (net 7))
  (segment (start 123.582679 55.893864) (end 123.849092 56.160277) (width 0.25) (layer B.Cu) (net 7))
  (segment (start 132.788764 54.4195) (end 133.883377 53.324887) (width 0.25) (layer F.Cu) (net 7))
  (segment (start 132.4102 54.4195) (end 132.788764 54.4195) (width 0.25) (layer F.Cu) (net 7))
  (via (at 137.1219 54.5973) (size 0.8) (drill 0.4) (layers F.Cu B.Cu) (net 8))
  (segment (start 134.660897 57.058303) (end 137.1219 54.5973) (width 0.25) (layer B.Cu) (net 8))
  (segment (start 122.951067 57.058303) (end 134.660897 57.058303) (width 0.25) (layer B.Cu) (net 8))
  (segment (start 122.260389 56.791889) (end 122.684653 56.791889) (width 0.25) (layer B.Cu) (net 8))
  (segment (start 122.684653 56.791889) (end 122.951067 57.058303) (width 0.25) (layer B.Cu) (net 8))
  (segment (start 137.94632 54.5973) (end 138.432661 55.083641) (width 0.25) (layer F.Cu) (net 8))
