(kicad_pcb (version 20171130) (host pcbnew "(5.1.6)-1")

  (general
    (thickness 1.6)
    (drawings 14)
    (tracks 227)
    (zones 0)
    (modules 31)
    (nets 32)
  )

  (page A4)
  (layers
    (0 F.Cu signal)
    (31 B.Cu signal)
    (32 B.Adhes user)
    (33 F.Adhes user)
    (34 B.Paste user)
    (35 F.Paste user)
    (36 B.SilkS user)
    (37 F.SilkS user)
    (38 B.Mask user)
    (39 F.Mask user)
    (40 Dwgs.User user)
    (41 Cmts.User user)
    (42 Eco1.User user)
    (43 Eco2.User user)
    (44 Edge.Cuts user)
    (45 Margin user)
    (46 B.CrtYd user)
    (47 F.CrtYd user)
    (48 B.Fab user)
    (49 F.Fab user)
  )

  (setup
    (last_trace_width 1)
    (user_trace_width 0.3)
    (user_trace_width 0.36)
    (user_trace_width 0.5)
    (user_trace_width 1)
    (user_trace_width 2)
    (trace_clearance 0.2)
    (zone_clearance 0.508)
    (zone_45_only no)
    (trace_min 0.2)
    (via_size 0.8)
    (via_drill 0.4)
    (via_min_size 0.4)
    (via_min_drill 0.3)
    (uvia_size 0.3)
    (uvia_drill 0.1)
    (uvias_allowed no)
    (uvia_min_size 0.2)
    (uvia_min_drill 0.1)
    (edge_width 0.05)
    (segment_width 0.2)
    (pcb_text_width 0.3)
    (pcb_text_size 1.5 1.5)
    (mod_edge_width 0.12)
    (mod_text_size 1 1)
    (mod_text_width 0.15)
    (pad_size 1.5 1.5)
    (pad_drill 0)
    (pad_to_mask_clearance 0.051)
    (solder_mask_min_width 0.25)
    (aux_axis_origin 0 0)
    (visible_elements 7FFFFFFF)
    (pcbplotparams
      (layerselection 0x010fc_ffffffff)
      (usegerberextensions false)
      (usegerberattributes false)
      (usegerberadvancedattributes false)
      (creategerberjobfile false)
      (excludeedgelayer true)
      (linewidth 0.100000)
      (plotframeref false)
      (viasonmask false)
      (mode 1)
      (useauxorigin false)
      (hpglpennumber 1)
      (hpglpenspeed 20)
      (hpglpendiameter 15.000000)
      (psnegative false)
      (psa4output false)
      (plotreference true)
      (plotvalue true)
      (plotinvisibletext false)
      (padsonsilk false)
      (subtractmaskfromsilk false)
      (outputformat 1)
      (mirror false)
      (drillshape 0)
      (scaleselection 1)
      (outputdirectory "Gerbers/"))
  )

  (net 0 "")
  (net 1 GND)
  (net 2 +3V3)
  (net 3 +12V)
  (net 4 LeftIN)
  (net 5 "Net-(C1-Pad1)")
  (net 6 "Net-(C2-Pad1)")
  (net 7 RightIN)
  (net 8 "Net-(C3-Pad1)")
  (net 9 GNDA)
  (net 10 "Net-(C8-Pad1)")
  (net 11 "Net-(C9-Pad2)")
  (net 12 "Net-(C9-Pad1)")
  (net 13 "Net-(C10-Pad1)")
  (net 14 "Net-(C10-Pad2)")
  (net 15 "Net-(C12-Pad2)")
  (net 16 "Net-(C13-Pad1)")
  (net 17 "Net-(J14-Pad2)")
  (net 18 "Net-(R5-Pad1)")
  (net 19 "Net-(R6-Pad1)")
  (net 20 "Net-(R7-Pad1)")
  (net 21 "Net-(R8-Pad1)")
  (net 22 "Net-(R10-Pad1)")
  (net 23 "Net-(U4-Pad23)")
  (net 24 "Net-(U4-Pad26)")
  (net 25 "Net-(U4-Pad31)")
  (net 26 "Net-(U4-Pad32)")
  (net 27 "Net-(U4-Pad33)")
  (net 28 "Net-(U4-Pad36)")
  (net 29 "Net-(U4-Pad37)")
  (net 30 "Net-(U4-Pad38)")
  (net 31 "Net-(J1-PadR2)")

  (net_class Default "This is the default net class."
    (clearance 0.2)
    (trace_width 0.25)
    (via_dia 0.8)
    (via_drill 0.4)
    (uvia_dia 0.3)
    (uvia_drill 0.1)
    (add_net +12V)
    (add_net +3V3)
    (add_net GND)
    (add_net GNDA)
    (add_net LeftIN)
    (add_net "Net-(C1-Pad1)")
    (add_net "Net-(C10-Pad1)")
    (add_net "Net-(C10-Pad2)")
    (add_net "Net-(C12-Pad2)")
    (add_net "Net-(C13-Pad1)")
    (add_net "Net-(C2-Pad1)")
    (add_net "Net-(C3-Pad1)")
    (add_net "Net-(C8-Pad1)")
    (add_net "Net-(C9-Pad1)")
    (add_net "Net-(C9-Pad2)")
    (add_net "Net-(J1-PadR2)")
    (add_net "Net-(J14-Pad2)")
    (add_net "Net-(R10-Pad1)")
    (add_net "Net-(R5-Pad1)")
    (add_net "Net-(R6-Pad1)")
    (add_net "Net-(R7-Pad1)")
    (add_net "Net-(R8-Pad1)")
    (add_net "Net-(U4-Pad23)")
    (add_net "Net-(U4-Pad26)")
    (add_net "Net-(U4-Pad31)")
    (add_net "Net-(U4-Pad32)")
    (add_net "Net-(U4-Pad33)")
    (add_net "Net-(U4-Pad36)")
    (add_net "Net-(U4-Pad37)")
    (add_net "Net-(U4-Pad38)")
    (add_net RightIN)
  )

  (module MountingHole:MountingHole_2.5mm (layer F.Cu) (tedit 56D1B4CB) (tstamp 5FBB6A9A)
    (at 120.1 129.35)
    (descr "Mounting Hole 2.5mm, no annular")
    (tags "mounting hole 2.5mm no annular")
    (attr virtual)
    (fp_text reference REF** (at 0 -4) (layer F.SilkS) hide
      (effects (font (size 1 1) (thickness 0.15)))
    )
    (fp_text value MountingHole_2.5mm (at 0 4) (layer F.Fab)
      (effects (font (size 1 1) (thickness 0.15)))
    )
    (fp_circle (center 0 0) (end 2.75 0) (layer F.CrtYd) (width 0.05))
    (fp_circle (center 0 0) (end 2.5 0) (layer Cmts.User) (width 0.15))
    (fp_text user %R (at 0.3 0) (layer F.Fab)
      (effects (font (size 1 1) (thickness 0.15)))
    )
    (pad 1 np_thru_hole circle (at 0 0) (size 2.5 2.5) (drill 2.5) (layers *.Cu *.Mask))
  )

  (module MountingHole:MountingHole_2.5mm (layer F.Cu) (tedit 56D1B4CB) (tstamp 5FBB6A89)
    (at 151.1 86.55)
    (descr "Mounting Hole 2.5mm, no annular")
    (tags "mounting hole 2.5mm no annular")
    (attr virtual)
    (fp_text reference REF** (at 0 -4) (layer F.SilkS) hide
      (effects (font (size 1 1) (thickness 0.15)))
    )
    (fp_text value MountingHole_2.5mm (at 0 4) (layer F.Fab)
      (effects (font (size 1 1) (thickness 0.15)))
    )
    (fp_circle (center 0 0) (end 2.75 0) (layer F.CrtYd) (width 0.05))
    (fp_circle (center 0 0) (end 2.5 0) (layer Cmts.User) (width 0.15))
    (fp_text user %R (at 0.3 0) (layer F.Fab)
      (effects (font (size 1 1) (thickness 0.15)))
    )
    (pad 1 np_thru_hole circle (at 0 0) (size 2.5 2.5) (drill 2.5) (layers *.Cu *.Mask))
  )

  (module MountingHole:MountingHole_2.5mm (layer F.Cu) (tedit 56D1B4CB) (tstamp 5FBB6A9A)
    (at 120.1 86.3)
    (descr "Mounting Hole 2.5mm, no annular")
    (tags "mounting hole 2.5mm no annular")
    (attr virtual)
    (fp_text reference REF** (at 0 -4) (layer F.SilkS) hide
      (effects (font (size 1 1) (thickness 0.15)))
    )
    (fp_text value MountingHole_2.5mm (at 0 4) (layer F.Fab)
      (effects (font (size 1 1) (thickness 0.15)))
    )
    (fp_circle (center 0 0) (end 2.75 0) (layer F.CrtYd) (width 0.05))
    (fp_circle (center 0 0) (end 2.5 0) (layer Cmts.User) (width 0.15))
    (fp_text user %R (at 0.3 0) (layer F.Fab)
      (effects (font (size 1 1) (thickness 0.15)))
    )
    (pad 1 np_thru_hole circle (at 0 0) (size 2.5 2.5) (drill 2.5) (layers *.Cu *.Mask))
  )

  (module MountingHole:MountingHole_2.5mm (layer F.Cu) (tedit 56D1B4CB) (tstamp 5FBB6A9A)
    (at 151.1 129.35)
    (descr "Mounting Hole 2.5mm, no annular")
    (tags "mounting hole 2.5mm no annular")
    (attr virtual)
    (fp_text reference REF** (at 0 -4) (layer F.SilkS) hide
      (effects (font (size 1 1) (thickness 0.15)))
    )
    (fp_text value MountingHole_2.5mm (at 0 4) (layer F.Fab)
      (effects (font (size 1 1) (thickness 0.15)))
    )
    (fp_circle (center 0 0) (end 2.75 0) (layer F.CrtYd) (width 0.05))
    (fp_circle (center 0 0) (end 2.5 0) (layer Cmts.User) (width 0.15))
    (fp_text user %R (at 0.3 0) (layer F.Fab)
      (effects (font (size 1 1) (thickness 0.15)))
    )
    (pad 1 np_thru_hole circle (at 0 0) (size 2.5 2.5) (drill 2.5) (layers *.Cu *.Mask))
  )

  (module "Useful Modifications:TerminalBlock_bornier-2_P5.08mm" (layer B.Cu) (tedit 5DBE4433) (tstamp 5F4F569B)
    (at 142.8 99 90)
    (descr "simple 2-pin terminal block, pitch 5.08mm, revamped version of bornier2")
    (tags "terminal block bornier2")
    (path /5F4AD486/5F4F76D1)
    (fp_text reference J15 (at 2.7432 2.032 -90) (layer B.SilkS)
      (effects (font (size 1 1) (thickness 0.15)) (justify mirror))
    )
    (fp_text value "Left Speaker" (at 2.5 -4.7 -90) (layer B.SilkS)
      (effects (font (size 1 1) (thickness 0.15)) (justify mirror))
    )
    (fp_line (start -2.41 -2.55) (end 7.49 -2.55) (layer B.Fab) (width 0.1))
    (fp_line (start -2.46 3.75) (end -2.46 -3.75) (layer B.Fab) (width 0.1))
    (fp_line (start -2.46 -3.75) (end 7.54 -3.75) (layer B.Fab) (width 0.1))
    (fp_line (start 7.54 -3.75) (end 7.54 3.75) (layer B.Fab) (width 0.1))
    (fp_line (start 7.54 3.75) (end -2.46 3.75) (layer B.Fab) (width 0.1))
    (fp_line (start 7.62 -2.54) (end -2.54 -2.54) (layer B.SilkS) (width 0.12))
    (fp_line (start 7.62 -3.81) (end 7.62 3.81) (layer B.SilkS) (width 0.12))
    (fp_line (start 7.62 3.81) (end -2.54 3.81) (layer B.SilkS) (width 0.12))
    (fp_line (start -2.54 3.81) (end -2.54 -3.81) (layer B.SilkS) (width 0.12))
    (fp_line (start -2.54 -3.81) (end 7.62 -3.81) (layer B.SilkS) (width 0.12))
    (fp_line (start -2.71 4) (end 7.79 4) (layer B.CrtYd) (width 0.05))
    (fp_line (start -2.71 4) (end -2.71 -4) (layer B.CrtYd) (width 0.05))
    (fp_line (start 7.79 -4) (end 7.79 4) (layer B.CrtYd) (width 0.05))
    (fp_line (start 7.79 -4) (end -2.71 -4) (layer B.CrtYd) (width 0.05))
    (fp_text user %R (at 2.54 0 -90) (layer B.Fab)
      (effects (font (size 1 1) (thickness 0.15)) (justify mirror))
    )
    (pad 1 thru_hole rect (at 0 0 90) (size 2.286 2.286) (drill 1.0668) (layers *.Cu *.Mask)
      (net 15 "Net-(C12-Pad2)"))
    (pad 2 thru_hole circle (at 5.08 0 90) (size 2.286 2.286) (drill 1.0668) (layers *.Cu *.Mask)
      (net 16 "Net-(C13-Pad1)"))
    (model ${KISYS3DMOD}/TerminalBlock.3dshapes/TerminalBlock_bornier-2_P5.08mm.wrl
      (offset (xyz 2.539999961853027 0 0))
      (scale (xyz 1 1 1))
      (rotate (xyz 0 0 0))
    )
  )

  (module Capacitor_SMD:C_0805_2012Metric_Pad1.15x1.40mm_HandSolder (layer B.Cu) (tedit 5B36C52B) (tstamp 5FA02391)
    (at 128.91192 112.24106 270)
    (descr "Capacitor SMD 0805 (2012 Metric), square (rectangular) end terminal, IPC_7351 nominal with elongated pad for handsoldering. (Body size source: https://docs.google.com/spreadsheets/d/1BsfQQcO9C6DZCsRaXUlFlo91Tg2WpOkGARC1WS5S8t0/edit?usp=sharing), generated with kicad-footprint-generator")
    (tags "capacitor handsolder")
    (path /5F4AD486/5F512ADD)
    (attr smd)
    (fp_text reference C1 (at 0.136 -1.9812 180) (layer B.SilkS)
      (effects (font (size 1 1) (thickness 0.15)) (justify mirror))
    )
    (fp_text value 0.47µF (at 2.85894 -0.48808) (layer F.Fab)
      (effects (font (size 1 1) (thickness 0.15)))
    )
    (fp_line (start -1 -0.6) (end -1 0.6) (layer B.Fab) (width 0.1))
    (fp_line (start -1 0.6) (end 1 0.6) (layer B.Fab) (width 0.1))
    (fp_line (start 1 0.6) (end 1 -0.6) (layer B.Fab) (width 0.1))
    (fp_line (start 1 -0.6) (end -1 -0.6) (layer B.Fab) (width 0.1))
    (fp_line (start -0.261252 0.71) (end 0.261252 0.71) (layer B.SilkS) (width 0.12))
    (fp_line (start -0.261252 -0.71) (end 0.261252 -0.71) (layer B.SilkS) (width 0.12))
    (fp_line (start -1.85 -0.95) (end -1.85 0.95) (layer B.CrtYd) (width 0.05))
    (fp_line (start -1.85 0.95) (end 1.85 0.95) (layer B.CrtYd) (width 0.05))
    (fp_line (start 1.85 0.95) (end 1.85 -0.95) (layer B.CrtYd) (width 0.05))
    (fp_line (start 1.85 -0.95) (end -1.85 -0.95) (layer B.CrtYd) (width 0.05))
    (fp_text user %R (at 0 0 270) (layer B.Fab)
      (effects (font (size 0.5 0.5) (thickness 0.08)) (justify mirror))
    )
    (pad 1 smd roundrect (at -1.025 0 270) (size 1.15 1.4) (layers B.Cu B.Paste B.Mask) (roundrect_rratio 0.217391)
      (net 5 "Net-(C1-Pad1)"))
    (pad 2 smd roundrect (at 1.025 0 270) (size 1.15 1.4) (layers B.Cu B.Paste B.Mask) (roundrect_rratio 0.217391)
      (net 4 LeftIN))
    (model ${KISYS3DMOD}/Capacitor_SMD.3dshapes/C_0805_2012Metric.wrl
      (at (xyz 0 0 0))
      (scale (xyz 1 1 1))
      (rotate (xyz 0 0 0))
    )
  )

  (module Capacitor_SMD:C_0805_2012Metric_Pad1.15x1.40mm_HandSolder (layer B.Cu) (tedit 5B36C52B) (tstamp 5FA02679)
    (at 124.65742 112.1801 270)
    (descr "Capacitor SMD 0805 (2012 Metric), square (rectangular) end terminal, IPC_7351 nominal with elongated pad for handsoldering. (Body size source: https://docs.google.com/spreadsheets/d/1BsfQQcO9C6DZCsRaXUlFlo91Tg2WpOkGARC1WS5S8t0/edit?usp=sharing), generated with kicad-footprint-generator")
    (tags "capacitor handsolder")
    (path /5F4AD486/5F514F25)
    (attr smd)
    (fp_text reference C2 (at 0 2.2352 180) (layer B.SilkS)
      (effects (font (size 1 1) (thickness 0.15)) (justify mirror))
    )
    (fp_text value 0.47µF (at 2.8199 1.35742) (layer F.Fab)
      (effects (font (size 1 1) (thickness 0.15)))
    )
    (fp_line (start 1.85 -0.95) (end -1.85 -0.95) (layer B.CrtYd) (width 0.05))
    (fp_line (start 1.85 0.95) (end 1.85 -0.95) (layer B.CrtYd) (width 0.05))
    (fp_line (start -1.85 0.95) (end 1.85 0.95) (layer B.CrtYd) (width 0.05))
    (fp_line (start -1.85 -0.95) (end -1.85 0.95) (layer B.CrtYd) (width 0.05))
    (fp_line (start -0.261252 -0.71) (end 0.261252 -0.71) (layer B.SilkS) (width 0.12))
    (fp_line (start -0.261252 0.71) (end 0.261252 0.71) (layer B.SilkS) (width 0.12))
    (fp_line (start 1 -0.6) (end -1 -0.6) (layer B.Fab) (width 0.1))
    (fp_line (start 1 0.6) (end 1 -0.6) (layer B.Fab) (width 0.1))
    (fp_line (start -1 0.6) (end 1 0.6) (layer B.Fab) (width 0.1))
    (fp_line (start -1 -0.6) (end -1 0.6) (layer B.Fab) (width 0.1))
    (fp_text user %R (at 0 0 270) (layer B.Fab)
      (effects (font (size 0.5 0.5) (thickness 0.08)) (justify mirror))
    )
    (pad 2 smd roundrect (at 1.025 0 270) (size 1.15 1.4) (layers B.Cu B.Paste B.Mask) (roundrect_rratio 0.217391)
      (net 7 RightIN))
    (pad 1 smd roundrect (at -1.025 0 270) (size 1.15 1.4) (layers B.Cu B.Paste B.Mask) (roundrect_rratio 0.217391)
      (net 6 "Net-(C2-Pad1)"))
    (model ${KISYS3DMOD}/Capacitor_SMD.3dshapes/C_0805_2012Metric.wrl
      (at (xyz 0 0 0))
      (scale (xyz 1 1 1))
      (rotate (xyz 0 0 0))
    )
  )

  (module Capacitor_THT:CP_Radial_D8.0mm_P3.50mm (layer B.Cu) (tedit 5AE50EF0) (tstamp 5FA02489)
    (at 121.2 116.25 270)
    (descr "CP, Radial series, Radial, pin pitch=3.50mm, , diameter=8mm, Electrolytic Capacitor")
    (tags "CP Radial series Radial pin pitch 3.50mm  diameter 8mm Electrolytic Capacitor")
    (path /5F4AD486/5F58422B)
    (fp_text reference C3 (at -3.5 -2.3 90) (layer B.SilkS)
      (effects (font (size 1 1) (thickness 0.15)) (justify mirror))
    )
    (fp_text value 470µF (at 1.75 -5.25 90) (layer B.Fab)
      (effects (font (size 1 1) (thickness 0.15)) (justify mirror))
    )
    (fp_circle (center 1.75 0) (end 5.75 0) (layer B.Fab) (width 0.1))
    (fp_circle (center 1.75 0) (end 5.87 0) (layer B.SilkS) (width 0.12))
    (fp_circle (center 1.75 0) (end 6 0) (layer B.CrtYd) (width 0.05))
    (fp_line (start -1.676759 1.7475) (end -0.876759 1.7475) (layer B.Fab) (width 0.1))
    (fp_line (start -1.276759 2.1475) (end -1.276759 1.3475) (layer B.Fab) (width 0.1))
    (fp_line (start 1.75 4.08) (end 1.75 -4.08) (layer B.SilkS) (width 0.12))
    (fp_line (start 1.79 4.08) (end 1.79 -4.08) (layer B.SilkS) (width 0.12))
    (fp_line (start 1.83 4.08) (end 1.83 -4.08) (layer B.SilkS) (width 0.12))
    (fp_line (start 1.87 4.079) (end 1.87 -4.079) (layer B.SilkS) (width 0.12))
    (fp_line (start 1.91 4.077) (end 1.91 -4.077) (layer B.SilkS) (width 0.12))
    (fp_line (start 1.95 4.076) (end 1.95 -4.076) (layer B.SilkS) (width 0.12))
    (fp_line (start 1.99 4.074) (end 1.99 -4.074) (layer B.SilkS) (width 0.12))
    (fp_line (start 2.03 4.071) (end 2.03 -4.071) (layer B.SilkS) (width 0.12))
    (fp_line (start 2.07 4.068) (end 2.07 -4.068) (layer B.SilkS) (width 0.12))
    (fp_line (start 2.11 4.065) (end 2.11 -4.065) (layer B.SilkS) (width 0.12))
    (fp_line (start 2.15 4.061) (end 2.15 -4.061) (layer B.SilkS) (width 0.12))
    (fp_line (start 2.19 4.057) (end 2.19 -4.057) (layer B.SilkS) (width 0.12))
    (fp_line (start 2.23 4.052) (end 2.23 -4.052) (layer B.SilkS) (width 0.12))
    (fp_line (start 2.27 4.048) (end 2.27 -4.048) (layer B.SilkS) (width 0.12))
    (fp_line (start 2.31 4.042) (end 2.31 -4.042) (layer B.SilkS) (width 0.12))
    (fp_line (start 2.35 4.037) (end 2.35 -4.037) (layer B.SilkS) (width 0.12))
    (fp_line (start 2.39 4.03) (end 2.39 -4.03) (layer B.SilkS) (width 0.12))
    (fp_line (start 2.43 4.024) (end 2.43 -4.024) (layer B.SilkS) (width 0.12))
    (fp_line (start 2.471 4.017) (end 2.471 1.04) (layer B.SilkS) (width 0.12))
    (fp_line (start 2.471 -1.04) (end 2.471 -4.017) (layer B.SilkS) (width 0.12))
    (fp_line (start 2.511 4.01) (end 2.511 1.04) (layer B.SilkS) (width 0.12))
    (fp_line (start 2.511 -1.04) (end 2.511 -4.01) (layer B.SilkS) (width 0.12))
    (fp_line (start 2.551 4.002) (end 2.551 1.04) (layer B.SilkS) (width 0.12))
    (fp_line (start 2.551 -1.04) (end 2.551 -4.002) (layer B.SilkS) (width 0.12))
    (fp_line (start 2.591 3.994) (end 2.591 1.04) (layer B.SilkS) (width 0.12))
    (fp_line (start 2.591 -1.04) (end 2.591 -3.994) (layer B.SilkS) (width 0.12))
    (fp_line (start 2.631 3.985) (end 2.631 1.04) (layer B.SilkS) (width 0.12))
    (fp_line (start 2.631 -1.04) (end 2.631 -3.985) (layer B.SilkS) (width 0.12))
    (fp_line (start 2.671 3.976) (end 2.671 1.04) (layer B.SilkS) (width 0.12))
    (fp_line (start 2.671 -1.04) (end 2.671 -3.976) (layer B.SilkS) (width 0.12))
    (fp_line (start 2.711 3.967) (end 2.711 1.04) (layer B.SilkS) (width 0.12))
    (fp_line (start 2.711 -1.04) (end 2.711 -3.967) (layer B.SilkS) (width 0.12))
    (fp_line (start 2.751 3.957) (end 2.751 1.04) (layer B.SilkS) (width 0.12))
    (fp_line (start 2.751 -1.04) (end 2.751 -3.957) (layer B.SilkS) (width 0.12))
    (fp_line (start 2.791 3.947) (end 2.791 1.04) (layer B.SilkS) (width 0.12))
    (fp_line (start 2.791 -1.04) (end 2.791 -3.947) (layer B.SilkS) (width 0.12))
    (fp_line (start 2.831 3.936) (end 2.831 1.04) (layer B.SilkS) (width 0.12))
    (fp_line (start 2.831 -1.04) (end 2.831 -3.936) (layer B.SilkS) (width 0.12))
    (fp_line (start 2.871 3.925) (end 2.871 1.04) (layer B.SilkS) (width 0.12))
    (fp_line (start 2.871 -1.04) (end 2.871 -3.925) (layer B.SilkS) (width 0.12))
    (fp_line (start 2.911 3.914) (end 2.911 1.04) (layer B.SilkS) (width 0.12))
    (fp_line (start 2.911 -1.04) (end 2.911 -3.914) (layer B.SilkS) (width 0.12))
    (fp_line (start 2.951 3.902) (end 2.951 1.04) (layer B.SilkS) (width 0.12))
    (fp_line (start 2.951 -1.04) (end 2.951 -3.902) (layer B.SilkS) (width 0.12))
    (fp_line (start 2.991 3.889) (end 2.991 1.04) (layer B.SilkS) (width 0.12))
    (fp_line (start 2.991 -1.04) (end 2.991 -3.889) (layer B.SilkS) (width 0.12))
    (fp_line (start 3.031 3.877) (end 3.031 1.04) (layer B.SilkS) (width 0.12))
    (fp_line (start 3.031 -1.04) (end 3.031 -3.877) (layer B.SilkS) (width 0.12))
    (fp_line (start 3.071 3.863) (end 3.071 1.04) (layer B.SilkS) (width 0.12))
    (fp_line (start 3.071 -1.04) (end 3.071 -3.863) (layer B.SilkS) (width 0.12))
    (fp_line (start 3.111 3.85) (end 3.111 1.04) (layer B.SilkS) (width 0.12))
    (fp_line (start 3.111 -1.04) (end 3.111 -3.85) (layer B.SilkS) (width 0.12))
    (fp_line (start 3.151 3.835) (end 3.151 1.04) (layer B.SilkS) (width 0.12))
    (fp_line (start 3.151 -1.04) (end 3.151 -3.835) (layer B.SilkS) (width 0.12))
    (fp_line (start 3.191 3.821) (end 3.191 1.04) (layer B.SilkS) (width 0.12))
    (fp_line (start 3.191 -1.04) (end 3.191 -3.821) (layer B.SilkS) (width 0.12))
    (fp_line (start 3.231 3.805) (end 3.231 1.04) (layer B.SilkS) (width 0.12))
    (fp_line (start 3.231 -1.04) (end 3.231 -3.805) (layer B.SilkS) (width 0.12))
    (fp_line (start 3.271 3.79) (end 3.271 1.04) (layer B.SilkS) (width 0.12))
    (fp_line (start 3.271 -1.04) (end 3.271 -3.79) (layer B.SilkS) (width 0.12))
    (fp_line (start 3.311 3.774) (end 3.311 1.04) (layer B.SilkS) (width 0.12))
    (fp_line (start 3.311 -1.04) (end 3.311 -3.774) (layer B.SilkS) (width 0.12))
    (fp_line (start 3.351 3.757) (end 3.351 1.04) (layer B.SilkS) (width 0.12))
    (fp_line (start 3.351 -1.04) (end 3.351 -3.757) (layer B.SilkS) (width 0.12))
    (fp_line (start 3.391 3.74) (end 3.391 1.04) (layer B.SilkS) (width 0.12))
    (fp_line (start 3.391 -1.04) (end 3.391 -3.74) (layer B.SilkS) (width 0.12))
    (fp_line (start 3.431 3.722) (end 3.431 1.04) (layer B.SilkS) (width 0.12))
    (fp_line (start 3.431 -1.04) (end 3.431 -3.722) (layer B.SilkS) (width 0.12))
    (fp_line (start 3.471 3.704) (end 3.471 1.04) (layer B.SilkS) (width 0.12))
    (fp_line (start 3.471 -1.04) (end 3.471 -3.704) (layer B.SilkS) (width 0.12))
    (fp_line (start 3.511 3.686) (end 3.511 1.04) (layer B.SilkS) (width 0.12))
    (fp_line (start 3.511 -1.04) (end 3.511 -3.686) (layer B.SilkS) (width 0.12))
    (fp_line (start 3.551 3.666) (end 3.551 1.04) (layer B.SilkS) (width 0.12))
    (fp_line (start 3.551 -1.04) (end 3.551 -3.666) (layer B.SilkS) (width 0.12))
    (fp_line (start 3.591 3.647) (end 3.591 1.04) (layer B.SilkS) (width 0.12))
    (fp_line (start 3.591 -1.04) (end 3.591 -3.647) (layer B.SilkS) (width 0.12))
    (fp_line (start 3.631 3.627) (end 3.631 1.04) (layer B.SilkS) (width 0.12))
    (fp_line (start 3.631 -1.04) (end 3.631 -3.627) (layer B.SilkS) (width 0.12))
    (fp_line (start 3.671 3.606) (end 3.671 1.04) (layer B.SilkS) (width 0.12))
    (fp_line (start 3.671 -1.04) (end 3.671 -3.606) (layer B.SilkS) (width 0.12))
    (fp_line (start 3.711 3.584) (end 3.711 1.04) (layer B.SilkS) (width 0.12))
    (fp_line (start 3.711 -1.04) (end 3.711 -3.584) (layer B.SilkS) (width 0.12))
    (fp_line (start 3.751 3.562) (end 3.751 1.04) (layer B.SilkS) (width 0.12))
    (fp_line (start 3.751 -1.04) (end 3.751 -3.562) (layer B.SilkS) (width 0.12))
    (fp_line (start 3.791 3.54) (end 3.791 1.04) (layer B.SilkS) (width 0.12))
    (fp_line (start 3.791 -1.04) (end 3.791 -3.54) (layer B.SilkS) (width 0.12))
    (fp_line (start 3.831 3.517) (end 3.831 1.04) (layer B.SilkS) (width 0.12))
    (fp_line (start 3.831 -1.04) (end 3.831 -3.517) (layer B.SilkS) (width 0.12))
    (fp_line (start 3.871 3.493) (end 3.871 1.04) (layer B.SilkS) (width 0.12))
    (fp_line (start 3.871 -1.04) (end 3.871 -3.493) (layer B.SilkS) (width 0.12))
    (fp_line (start 3.911 3.469) (end 3.911 1.04) (layer B.SilkS) (width 0.12))
    (fp_line (start 3.911 -1.04) (end 3.911 -3.469) (layer B.SilkS) (width 0.12))
    (fp_line (start 3.951 3.444) (end 3.951 1.04) (layer B.SilkS) (width 0.12))
    (fp_line (start 3.951 -1.04) (end 3.951 -3.444) (layer B.SilkS) (width 0.12))
    (fp_line (start 3.991 3.418) (end 3.991 1.04) (layer B.SilkS) (width 0.12))
    (fp_line (start 3.991 -1.04) (end 3.991 -3.418) (layer B.SilkS) (width 0.12))
    (fp_line (start 4.031 3.392) (end 4.031 1.04) (layer B.SilkS) (width 0.12))
    (fp_line (start 4.031 -1.04) (end 4.031 -3.392) (layer B.SilkS) (width 0.12))
    (fp_line (start 4.071 3.365) (end 4.071 1.04) (layer B.SilkS) (width 0.12))
    (fp_line (start 4.071 -1.04) (end 4.071 -3.365) (layer B.SilkS) (width 0.12))
    (fp_line (start 4.111 3.338) (end 4.111 1.04) (layer B.SilkS) (width 0.12))
    (fp_line (start 4.111 -1.04) (end 4.111 -3.338) (layer B.SilkS) (width 0.12))
    (fp_line (start 4.151 3.309) (end 4.151 1.04) (layer B.SilkS) (width 0.12))
    (fp_line (start 4.151 -1.04) (end 4.151 -3.309) (layer B.SilkS) (width 0.12))
    (fp_line (start 4.191 3.28) (end 4.191 1.04) (layer B.SilkS) (width 0.12))
    (fp_line (start 4.191 -1.04) (end 4.191 -3.28) (layer B.SilkS) (width 0.12))
    (fp_line (start 4.231 3.25) (end 4.231 1.04) (layer B.SilkS) (width 0.12))
    (fp_line (start 4.231 -1.04) (end 4.231 -3.25) (layer B.SilkS) (width 0.12))
    (fp_line (start 4.271 3.22) (end 4.271 1.04) (layer B.SilkS) (width 0.12))
    (fp_line (start 4.271 -1.04) (end 4.271 -3.22) (layer B.SilkS) (width 0.12))
    (fp_line (start 4.311 3.189) (end 4.311 1.04) (layer B.SilkS) (width 0.12))
    (fp_line (start 4.311 -1.04) (end 4.311 -3.189) (layer B.SilkS) (width 0.12))
    (fp_line (start 4.351 3.156) (end 4.351 1.04) (layer B.SilkS) (width 0.12))
    (fp_line (start 4.351 -1.04) (end 4.351 -3.156) (layer B.SilkS) (width 0.12))
    (fp_line (start 4.391 3.124) (end 4.391 1.04) (layer B.SilkS) (width 0.12))
    (fp_line (start 4.391 -1.04) (end 4.391 -3.124) (layer B.SilkS) (width 0.12))
    (fp_line (start 4.431 3.09) (end 4.431 1.04) (layer B.SilkS) (width 0.12))
    (fp_line (start 4.431 -1.04) (end 4.431 -3.09) (layer B.SilkS) (width 0.12))
    (fp_line (start 4.471 3.055) (end 4.471 1.04) (layer B.SilkS) (width 0.12))
    (fp_line (start 4.471 -1.04) (end 4.471 -3.055) (layer B.SilkS) (width 0.12))
    (fp_line (start 4.511 3.019) (end 4.511 1.04) (layer B.SilkS) (width 0.12))
    (fp_line (start 4.511 -1.04) (end 4.511 -3.019) (layer B.SilkS) (width 0.12))
    (fp_line (start 4.551 2.983) (end 4.551 -2.983) (layer B.SilkS) (width 0.12))
    (fp_line (start 4.591 2.945) (end 4.591 -2.945) (layer B.SilkS) (width 0.12))
    (fp_line (start 4.631 2.907) (end 4.631 -2.907) (layer B.SilkS) (width 0.12))
    (fp_line (start 4.671 2.867) (end 4.671 -2.867) (layer B.SilkS) (width 0.12))
    (fp_line (start 4.711 2.826) (end 4.711 -2.826) (layer B.SilkS) (width 0.12))
    (fp_line (start 4.751 2.784) (end 4.751 -2.784) (layer B.SilkS) (width 0.12))
    (fp_line (start 4.791 2.741) (end 4.791 -2.741) (layer B.SilkS) (width 0.12))
    (fp_line (start 4.831 2.697) (end 4.831 -2.697) (layer B.SilkS) (width 0.12))
    (fp_line (start 4.871 2.651) (end 4.871 -2.651) (layer B.SilkS) (width 0.12))
    (fp_line (start 4.911 2.604) (end 4.911 -2.604) (layer B.SilkS) (width 0.12))
    (fp_line (start 4.951 2.556) (end 4.951 -2.556) (layer B.SilkS) (width 0.12))
    (fp_line (start 4.991 2.505) (end 4.991 -2.505) (layer B.SilkS) (width 0.12))
    (fp_line (start 5.031 2.454) (end 5.031 -2.454) (layer B.SilkS) (width 0.12))
    (fp_line (start 5.071 2.4) (end 5.071 -2.4) (layer B.SilkS) (width 0.12))
    (fp_line (start 5.111 2.345) (end 5.111 -2.345) (layer B.SilkS) (width 0.12))
    (fp_line (start 5.151 2.287) (end 5.151 -2.287) (layer B.SilkS) (width 0.12))
    (fp_line (start 5.191 2.228) (end 5.191 -2.228) (layer B.SilkS) (width 0.12))
    (fp_line (start 5.231 2.166) (end 5.231 -2.166) (layer B.SilkS) (width 0.12))
    (fp_line (start 5.271 2.102) (end 5.271 -2.102) (layer B.SilkS) (width 0.12))
    (fp_line (start 5.311 2.034) (end 5.311 -2.034) (layer B.SilkS) (width 0.12))
    (fp_line (start 5.351 1.964) (end 5.351 -1.964) (layer B.SilkS) (width 0.12))
    (fp_line (start 5.391 1.89) (end 5.391 -1.89) (layer B.SilkS) (width 0.12))
    (fp_line (start 5.431 1.813) (end 5.431 -1.813) (layer B.SilkS) (width 0.12))
    (fp_line (start 5.471 1.731) (end 5.471 -1.731) (layer B.SilkS) (width 0.12))
    (fp_line (start 5.511 1.645) (end 5.511 -1.645) (layer B.SilkS) (width 0.12))
    (fp_line (start 5.551 1.552) (end 5.551 -1.552) (layer B.SilkS) (width 0.12))
    (fp_line (start 5.591 1.453) (end 5.591 -1.453) (layer B.SilkS) (width 0.12))
    (fp_line (start 5.631 1.346) (end 5.631 -1.346) (layer B.SilkS) (width 0.12))
    (fp_line (start 5.671 1.229) (end 5.671 -1.229) (layer B.SilkS) (width 0.12))
    (fp_line (start 5.711 1.098) (end 5.711 -1.098) (layer B.SilkS) (width 0.12))
    (fp_line (start 5.751 0.948) (end 5.751 -0.948) (layer B.SilkS) (width 0.12))
    (fp_line (start 5.791 0.768) (end 5.791 -0.768) (layer B.SilkS) (width 0.12))
    (fp_line (start 5.831 0.533) (end 5.831 -0.533) (layer B.SilkS) (width 0.12))
    (fp_line (start -2.659698 2.315) (end -1.859698 2.315) (layer B.SilkS) (width 0.12))
    (fp_line (start -2.259698 2.715) (end -2.259698 1.915) (layer B.SilkS) (width 0.12))
    (fp_text user %R (at 1.75 0 90) (layer B.Fab)
      (effects (font (size 1 1) (thickness 0.15)) (justify mirror))
    )
    (pad 1 thru_hole rect (at 0 0 270) (size 1.6 1.6) (drill 0.8) (layers *.Cu *.Mask)
      (net 8 "Net-(C3-Pad1)"))
    (pad 2 thru_hole circle (at 3.5 0 270) (size 1.6 1.6) (drill 0.8) (layers *.Cu *.Mask)
      (net 1 GND))
    (model ${KISYS3DMOD}/Capacitor_THT.3dshapes/CP_Radial_D8.0mm_P3.50mm.wrl
      (at (xyz 0 0 0))
      (scale (xyz 1 1 1))
      (rotate (xyz 0 0 0))
    )
  )

  (module Capacitor_SMD:C_0805_2012Metric_Pad1.15x1.40mm_HandSolder (layer B.Cu) (tedit 5B36C52B) (tstamp 5FA02331)
    (at 134.80604 123.02912 270)
    (descr "Capacitor SMD 0805 (2012 Metric), square (rectangular) end terminal, IPC_7351 nominal with elongated pad for handsoldering. (Body size source: https://docs.google.com/spreadsheets/d/1BsfQQcO9C6DZCsRaXUlFlo91Tg2WpOkGARC1WS5S8t0/edit?usp=sharing), generated with kicad-footprint-generator")
    (tags "capacitor handsolder")
    (path /5F4AD486/5F58AC3C)
    (attr smd)
    (fp_text reference C4 (at 0.25934 1.44372 90) (layer B.SilkS)
      (effects (font (size 1 1) (thickness 0.15)) (justify mirror))
    )
    (fp_text value 10µF (at -2.52912 0.45604 180) (layer F.Fab)
      (effects (font (size 1 1) (thickness 0.15)))
    )
    (fp_line (start -1 -0.6) (end -1 0.6) (layer B.Fab) (width 0.1))
    (fp_line (start -1 0.6) (end 1 0.6) (layer B.Fab) (width 0.1))
    (fp_line (start 1 0.6) (end 1 -0.6) (layer B.Fab) (width 0.1))
    (fp_line (start 1 -0.6) (end -1 -0.6) (layer B.Fab) (width 0.1))
    (fp_line (start -0.261252 0.71) (end 0.261252 0.71) (layer B.SilkS) (width 0.12))
    (fp_line (start -0.261252 -0.71) (end 0.261252 -0.71) (layer B.SilkS) (width 0.12))
    (fp_line (start -1.85 -0.95) (end -1.85 0.95) (layer B.CrtYd) (width 0.05))
    (fp_line (start -1.85 0.95) (end 1.85 0.95) (layer B.CrtYd) (width 0.05))
    (fp_line (start 1.85 0.95) (end 1.85 -0.95) (layer B.CrtYd) (width 0.05))
    (fp_line (start 1.85 -0.95) (end -1.85 -0.95) (layer B.CrtYd) (width 0.05))
    (fp_text user %R (at 0 0 270) (layer B.Fab)
      (effects (font (size 0.5 0.5) (thickness 0.08)) (justify mirror))
    )
    (pad 1 smd roundrect (at -1.025 0 270) (size 1.15 1.4) (layers B.Cu B.Paste B.Mask) (roundrect_rratio 0.217391)
      (net 1 GND))
    (pad 2 smd roundrect (at 1.025 0 270) (size 1.15 1.4) (layers B.Cu B.Paste B.Mask) (roundrect_rratio 0.217391)
      (net 8 "Net-(C3-Pad1)"))
    (model ${KISYS3DMOD}/Capacitor_SMD.3dshapes/C_0805_2012Metric.wrl
      (at (xyz 0 0 0))
      (scale (xyz 1 1 1))
      (rotate (xyz 0 0 0))
    )
  )

  (module Capacitor_SMD:C_0805_2012Metric_Pad1.15x1.40mm_HandSolder (layer B.Cu) (tedit 5B36C52B) (tstamp 5FA02301)
    (at 138.03184 123.02912 270)
    (descr "Capacitor SMD 0805 (2012 Metric), square (rectangular) end terminal, IPC_7351 nominal with elongated pad for handsoldering. (Body size source: https://docs.google.com/spreadsheets/d/1BsfQQcO9C6DZCsRaXUlFlo91Tg2WpOkGARC1WS5S8t0/edit?usp=sharing), generated with kicad-footprint-generator")
    (tags "capacitor handsolder")
    (path /5F4AD486/5F58FC50)
    (attr smd)
    (fp_text reference C5 (at 0.10186 -1.904 270) (layer B.SilkS)
      (effects (font (size 1 1) (thickness 0.15)) (justify mirror))
    )
    (fp_text value 10µF (at -2.52912 -0.41816) (layer F.Fab)
      (effects (font (size 1 1) (thickness 0.15)))
    )
    (fp_line (start -1 -0.6) (end -1 0.6) (layer B.Fab) (width 0.1))
    (fp_line (start -1 0.6) (end 1 0.6) (layer B.Fab) (width 0.1))
    (fp_line (start 1 0.6) (end 1 -0.6) (layer B.Fab) (width 0.1))
    (fp_line (start 1 -0.6) (end -1 -0.6) (layer B.Fab) (width 0.1))
    (fp_line (start -0.261252 0.71) (end 0.261252 0.71) (layer B.SilkS) (width 0.12))
    (fp_line (start -0.261252 -0.71) (end 0.261252 -0.71) (layer B.SilkS) (width 0.12))
    (fp_line (start -1.85 -0.95) (end -1.85 0.95) (layer B.CrtYd) (width 0.05))
    (fp_line (start -1.85 0.95) (end 1.85 0.95) (layer B.CrtYd) (width 0.05))
    (fp_line (start 1.85 0.95) (end 1.85 -0.95) (layer B.CrtYd) (width 0.05))
    (fp_line (start 1.85 -0.95) (end -1.85 -0.95) (layer B.CrtYd) (width 0.05))
    (fp_text user %R (at 0 0 270) (layer B.Fab)
      (effects (font (size 0.5 0.5) (thickness 0.08)) (justify mirror))
    )
    (pad 1 smd roundrect (at -1.025 0 270) (size 1.15 1.4) (layers B.Cu B.Paste B.Mask) (roundrect_rratio 0.217391)
      (net 1 GND))
    (pad 2 smd roundrect (at 1.025 0 270) (size 1.15 1.4) (layers B.Cu B.Paste B.Mask) (roundrect_rratio 0.217391)
      (net 8 "Net-(C3-Pad1)"))
    (model ${KISYS3DMOD}/Capacitor_SMD.3dshapes/C_0805_2012Metric.wrl
      (at (xyz 0 0 0))
      (scale (xyz 1 1 1))
      (rotate (xyz 0 0 0))
    )
  )

  (module Capacitor_SMD:C_0805_2012Metric_Pad1.15x1.40mm_HandSolder (layer B.Cu) (tedit 5B36C52B) (tstamp 5FA02649)
    (at 135.01586 127.29658 270)
    (descr "Capacitor SMD 0805 (2012 Metric), square (rectangular) end terminal, IPC_7351 nominal with elongated pad for handsoldering. (Body size source: https://docs.google.com/spreadsheets/d/1BsfQQcO9C6DZCsRaXUlFlo91Tg2WpOkGARC1WS5S8t0/edit?usp=sharing), generated with kicad-footprint-generator")
    (tags "capacitor handsolder")
    (path /5F4AD486/5F4EB6A2)
    (attr smd)
    (fp_text reference C6 (at 2.75844 -0.19304 180) (layer B.SilkS)
      (effects (font (size 1 1) (thickness 0.15)) (justify mirror))
    )
    (fp_text value 0.1µF (at 3.80342 1.16586) (layer F.Fab)
      (effects (font (size 1 1) (thickness 0.15)))
    )
    (fp_line (start 1.85 -0.95) (end -1.85 -0.95) (layer B.CrtYd) (width 0.05))
    (fp_line (start 1.85 0.95) (end 1.85 -0.95) (layer B.CrtYd) (width 0.05))
    (fp_line (start -1.85 0.95) (end 1.85 0.95) (layer B.CrtYd) (width 0.05))
    (fp_line (start -1.85 -0.95) (end -1.85 0.95) (layer B.CrtYd) (width 0.05))
    (fp_line (start -0.261252 -0.71) (end 0.261252 -0.71) (layer B.SilkS) (width 0.12))
    (fp_line (start -0.261252 0.71) (end 0.261252 0.71) (layer B.SilkS) (width 0.12))
    (fp_line (start 1 -0.6) (end -1 -0.6) (layer B.Fab) (width 0.1))
    (fp_line (start 1 0.6) (end 1 -0.6) (layer B.Fab) (width 0.1))
    (fp_line (start -1 0.6) (end 1 0.6) (layer B.Fab) (width 0.1))
    (fp_line (start -1 -0.6) (end -1 0.6) (layer B.Fab) (width 0.1))
    (fp_text user %R (at 0 0 270) (layer B.Fab)
      (effects (font (size 0.5 0.5) (thickness 0.08)) (justify mirror))
    )
    (pad 2 smd roundrect (at 1.025 0 270) (size 1.15 1.4) (layers B.Cu B.Paste B.Mask) (roundrect_rratio 0.217391)
      (net 8 "Net-(C3-Pad1)"))
    (pad 1 smd roundrect (at -1.025 0 270) (size 1.15 1.4) (layers B.Cu B.Paste B.Mask) (roundrect_rratio 0.217391)
      (net 1 GND))
    (model ${KISYS3DMOD}/Capacitor_SMD.3dshapes/C_0805_2012Metric.wrl
      (at (xyz 0 0 0))
      (scale (xyz 1 1 1))
      (rotate (xyz 0 0 0))
    )
  )

  (module Capacitor_SMD:C_0805_2012Metric_Pad1.15x1.40mm_HandSolder (layer B.Cu) (tedit 5B36C52B) (tstamp 5FA02241)
    (at 138.06132 127.33722 270)
    (descr "Capacitor SMD 0805 (2012 Metric), square (rectangular) end terminal, IPC_7351 nominal with elongated pad for handsoldering. (Body size source: https://docs.google.com/spreadsheets/d/1BsfQQcO9C6DZCsRaXUlFlo91Tg2WpOkGARC1WS5S8t0/edit?usp=sharing), generated with kicad-footprint-generator")
    (tags "capacitor handsolder")
    (path /5F4AD486/5F4EBC99)
    (attr smd)
    (fp_text reference C7 (at 2.79654 -0.00254 180) (layer B.SilkS)
      (effects (font (size 1 1) (thickness 0.15)) (justify mirror))
    )
    (fp_text value 0.1µF (at 3.86278 -0.18868 180) (layer F.Fab)
      (effects (font (size 1 1) (thickness 0.15)))
    )
    (fp_line (start 1.85 -0.95) (end -1.85 -0.95) (layer B.CrtYd) (width 0.05))
    (fp_line (start 1.85 0.95) (end 1.85 -0.95) (layer B.CrtYd) (width 0.05))
    (fp_line (start -1.85 0.95) (end 1.85 0.95) (layer B.CrtYd) (width 0.05))
    (fp_line (start -1.85 -0.95) (end -1.85 0.95) (layer B.CrtYd) (width 0.05))
    (fp_line (start -0.261252 -0.71) (end 0.261252 -0.71) (layer B.SilkS) (width 0.12))
    (fp_line (start -0.261252 0.71) (end 0.261252 0.71) (layer B.SilkS) (width 0.12))
    (fp_line (start 1 -0.6) (end -1 -0.6) (layer B.Fab) (width 0.1))
    (fp_line (start 1 0.6) (end 1 -0.6) (layer B.Fab) (width 0.1))
    (fp_line (start -1 0.6) (end 1 0.6) (layer B.Fab) (width 0.1))
    (fp_line (start -1 -0.6) (end -1 0.6) (layer B.Fab) (width 0.1))
    (fp_text user %R (at 0.013499 0.022501 180) (layer B.Fab)
      (effects (font (size 0.5 0.5) (thickness 0.08)) (justify mirror))
    )
    (pad 2 smd roundrect (at 1.025 0 270) (size 1.15 1.4) (layers B.Cu B.Paste B.Mask) (roundrect_rratio 0.217391)
      (net 8 "Net-(C3-Pad1)"))
    (pad 1 smd roundrect (at -1.025 0 270) (size 1.15 1.4) (layers B.Cu B.Paste B.Mask) (roundrect_rratio 0.217391)
      (net 1 GND))
    (model ${KISYS3DMOD}/Capacitor_SMD.3dshapes/C_0805_2012Metric.wrl
      (at (xyz 0 0 0))
      (scale (xyz 1 1 1))
      (rotate (xyz 0 0 0))
    )
  )

  (module Capacitor_SMD:C_0805_2012Metric_Pad1.15x1.40mm_HandSolder (layer B.Cu) (tedit 5B36C52B) (tstamp 5FA022A1)
    (at 133.61854 109.64264 270)
    (descr "Capacitor SMD 0805 (2012 Metric), square (rectangular) end terminal, IPC_7351 nominal with elongated pad for handsoldering. (Body size source: https://docs.google.com/spreadsheets/d/1BsfQQcO9C6DZCsRaXUlFlo91Tg2WpOkGARC1WS5S8t0/edit?usp=sharing), generated with kicad-footprint-generator")
    (tags "capacitor handsolder")
    (path /5F4AD486/5F5070CC)
    (attr smd)
    (fp_text reference C8 (at 2.5019 -0.1905 180) (layer B.SilkS)
      (effects (font (size 1 1) (thickness 0.15)) (justify mirror))
    )
    (fp_text value 2.2µF (at -2.74264 -0.48146) (layer F.Fab)
      (effects (font (size 1 1) (thickness 0.15)))
    )
    (fp_line (start -1 -0.6) (end -1 0.6) (layer B.Fab) (width 0.1))
    (fp_line (start -1 0.6) (end 1 0.6) (layer B.Fab) (width 0.1))
    (fp_line (start 1 0.6) (end 1 -0.6) (layer B.Fab) (width 0.1))
    (fp_line (start 1 -0.6) (end -1 -0.6) (layer B.Fab) (width 0.1))
    (fp_line (start -0.261252 0.71) (end 0.261252 0.71) (layer B.SilkS) (width 0.12))
    (fp_line (start -0.261252 -0.71) (end 0.261252 -0.71) (layer B.SilkS) (width 0.12))
    (fp_line (start -1.85 -0.95) (end -1.85 0.95) (layer B.CrtYd) (width 0.05))
    (fp_line (start -1.85 0.95) (end 1.85 0.95) (layer B.CrtYd) (width 0.05))
    (fp_line (start 1.85 0.95) (end 1.85 -0.95) (layer B.CrtYd) (width 0.05))
    (fp_line (start 1.85 -0.95) (end -1.85 -0.95) (layer B.CrtYd) (width 0.05))
    (fp_text user %R (at 0 0 270) (layer B.Fab)
      (effects (font (size 0.5 0.5) (thickness 0.08)) (justify mirror))
    )
    (pad 1 smd roundrect (at -1.025 0 270) (size 1.15 1.4) (layers B.Cu B.Paste B.Mask) (roundrect_rratio 0.217391)
      (net 10 "Net-(C8-Pad1)"))
    (pad 2 smd roundrect (at 1.025 0 270) (size 1.15 1.4) (layers B.Cu B.Paste B.Mask) (roundrect_rratio 0.217391)
      (net 9 GNDA))
    (model ${KISYS3DMOD}/Capacitor_SMD.3dshapes/C_0805_2012Metric.wrl
      (at (xyz 0 0 0))
      (scale (xyz 1 1 1))
      (rotate (xyz 0 0 0))
    )
  )

  (module Capacitor_SMD:C_0805_2012Metric_Pad1.15x1.40mm_HandSolder (layer B.Cu) (tedit 5B36C52B) (tstamp 5FA022D1)
    (at 131 89.8 180)
    (descr "Capacitor SMD 0805 (2012 Metric), square (rectangular) end terminal, IPC_7351 nominal with elongated pad for handsoldering. (Body size source: https://docs.google.com/spreadsheets/d/1BsfQQcO9C6DZCsRaXUlFlo91Tg2WpOkGARC1WS5S8t0/edit?usp=sharing), generated with kicad-footprint-generator")
    (tags "capacitor handsolder")
    (path /5F4AD486/5F4EF5C5)
    (attr smd)
    (fp_text reference C9 (at -2.79352 0.00166) (layer B.SilkS)
      (effects (font (size 1 1) (thickness 0.15)) (justify mirror))
    )
    (fp_text value 0.1µF (at 0.39352 1.59834) (layer F.Fab)
      (effects (font (size 1 1) (thickness 0.15)))
